504.073 179.356
504.902 179.112
502.637 180.814
504.144 180.532
376.524 172.669
377.676 172.941
378.782 173.191
379.861 173.419
380.926 173.629
381.988 173.826
383.049 174.016
384.113 174.201
385.18 174.383
386.252 174.564
387.328 174.746
388.409 174.929
389.495 175.115
390.585 175.305
391.682 175.5
392.783 175.7
393.889 175.906
395.001 176.118
396.118 176.339
397.241 176.568
398.369 176.807
399.504 177.057
400.646 177.318
401.794 177.592
402.951 177.882
404.116 178.19
405.291 178.517
406.477 178.868
407.675 179.248
408.89 179.663
410.122 180.121
411.373 180.638
412.618 181.208
413.774 181.768
414.828 182.271
415.808 182.719
416.736 183.126
417.625 183.501
418.483 183.849
419.314 184.173
420.124 184.475
420.918 184.759
421.698 185.029
422.466 185.286
423.225 185.531
423.975 185.764
424.717 185.988
425.454 186.204
426.184 186.411
426.909 186.611
427.63 186.804
428.347 186.99
429.06 187.169
429.769 187.343
430.474 187.51
431.176 187.672
431.876 187.828
432.572 187.979
433.266 188.125
433.957 188.265
434.646 188.401
435.332 188.531
436.017 188.657
436.699 188.777
437.379 188.893
438.057 189.004
438.733 189.109
439.408 189.209
440.082 189.305
440.754 189.396
441.426 189.482
442.096 189.563
442.766 189.639
443.436 189.711
444.105 189.777
444.774 189.84
445.443 189.897
446.113 189.95
446.784 189.999
447.455 190.043
448.127 190.083
448.8 190.119
449.475 190.15
450.151 190.178
450.829 190.202
451.508 190.223
452.19 190.24
452.873 190.253
453.559 190.264
454.247 190.272
454.937 190.277
455.629 190.28
456.324 190.28
457.021 190.279
457.721 190.276
458.422 190.273
459.126 190.268
459.831 190.263
460.538 190.258
461.247 190.254
461.956 190.252
462.665 190.252
463.373 190.256
464.079 190.266
464.781 190.283
465.473 190.309
466.15 190.334
466.817 190.348
467.478 190.351
468.134 190.345
468.788 190.331
469.44 190.31
470.09 190.282
470.739 190.249
471.388 190.211
472.035 190.169
472.682 190.121
473.328 190.069
473.973 190.013
474.618 189.952
475.261 189.887
475.904 189.818
476.545 189.745
477.186 189.667
477.826 189.584
478.465 189.497
479.104 189.404
479.741 189.305
480.379 189.2
481.017 189.089
481.655 188.971
482.295 188.846
482.935 188.712
483.579 188.569
484.225 188.416
484.877 188.25
485.535 188.071
486.202 187.876
486.88 187.664
487.573 187.431
488.286 187.172
489.027 186.883
489.806 186.553
490.637 186.175
491.538 185.744
492.498 185.301
493.468 184.889
494.432 184.511
495.39 184.159
496.343 183.824
497.29 183.506
498.234 183.2
499.175 182.901
500.116 182.607
501.059 182.314
502.032 182.01
503.582 181.48
375.689 173.281
376.981 173.588
412.378 181.78
418.01 184.623
464.885 191.459
489.28 187.785
502.996 182.372
374.773 173.895
377.325 174.335
413.127 182.507
418.514 185.138
464.988 191.775
488.601 188.376
502.473 183.157
503.139 182.964
504.275 182.662
505.419 182.356
506.487 182.056
507.536 181.737
511.853 180.399
373.843 174.506
375.143 174.75
377.597 175.118
413.781 183.101
418.802 185.417
465.071 191.915
488.195 188.683
506.888 182.815
507.88 182.486
509.076 182.092
510.213 181.78
511.232 181.554
512.071 181.308
513.166 180.897
364.306 173.97
374.132 175.303
375.443 175.486
376.495 175.643
414.385 183.652
419.139 185.731
465.164 192.061
487.76 189.016
512.448 181.963
513.475 181.605
514.716 181.15
517.132 180.348
363.397 174.596
364.698 174.847
365.784 175.03
366.963 175.177
376.76 176.326
378.141 176.51
379.237 176.63
414.931 184.158
419.466 186.032
465.246 192.182
487.408 189.292
514.059 182.093
515.186 181.748
516.465 181.375
517.477 181.064
518.737 180.62
525.173 178.677
543.629 174.59
362.31 175.131
363.78 175.365
367.283 176.014
368.41 176.163
369.653 176.311
370.895 176.475
372.117 176.634
373.338 176.781
374.561 176.911
375.773 177.02
376.985 177.117
378.241 177.183
379.356 177.236
415.437 184.636
419.812 186.352
465.325 192.307
487.076 189.573
487.579 189.399
518.019 181.559
519.206 181.175
520.635 180.707
522.002 180.305
523.326 179.943
524.589 179.637
525.641 179.341
527.004 178.914
528.369 178.529
529.699 178.175
531.022 177.825
540.743 175.77
542.076 175.571
543.397 175.386
364.043 175.992
379.434 177.997
415.906 185.091
420.15 186.668
420.767 186.901
465.395 192.423
487.238 189.71
530.456 178.657
531.736 178.309
537.725 176.992
539.114 176.763
540.479 176.553
541.834 176.358
364.219 176.658
365.71 176.832
378.282 178.508
379.407 178.529
416.344 185.527
421.068 187.199
421.655 187.409
465.46 192.542
487.061 189.907
487.681 189.712
527.451 179.741
528.881 179.374
530.178 179.088
531.35 178.879
535.99 177.984
537.432 177.747
538.846 177.529
365.889 177.439
378.325 179.04
379.423 179.112
416.754 185.949
421.931 187.692
465.517 192.655
487.366 189.98
524.47 180.794
525.789 180.427
366.017 178.093
367.51 178.237
379.557 179.706
417.139 186.357
422.207 187.985
465.568 192.772
487.202 190.152
522.741 181.57
545.189 178.192
546.527 178.046
547.856 177.909
664.979 184.735
367.669 178.838
378.582 180.131
379.678 180.21
417.501 186.754
422.472 188.273
423.029 188.445
423.576 188.614
465.611 192.883
487.013 190.328
521.156 182.311
542.267 179.269
543.63 179.11
546.336 178.815
547.677 178.682
664.576 186.106
665.154 186.57
667.309 186.246
667.869 186.148
668.464 185.866
367.795 179.491
417.84 187.141
423.803 188.875
424.364 189.042
465.647 192.998
486.803 190.526
518.6 183.279
519.728 182.991
539.274 180.355
540.663 180.187
543.419 179.872
544.781 179.73
664.191 187.163
665.292 188.309
665.495 188.172
665.985 188.094
666.537 188.046
667.797 187.827
668.462 187.122
367.936 180.129
418.156 187.519
424.579 189.299
425.138 189.457
465.674 193.11
486.607 190.722
517.111 183.984
537.638 181.27
541.823 180.786
663.708 187.929
667.789 188.438
368.045 180.744
369.638 180.824
418.449 187.889
425.338 189.709
425.9 189.861
465.693 193.224
486.422 190.925
514.793 184.905
515.79 184.653
520.575 184.032
521.862 183.933
533.165 182.516
534.584 182.345
535.995 182.178
541.605 181.552
543.001 181.405
544.372 181.261
545.743 181.121
547.109 180.987
664.072 189.212
667.475 189.073
369.689 181.391
371.014 181.46
418.717 188.252
426.085 190.104
426.648 190.25
465.7 193.337
486.261 191.124
513.463 185.61
514.368 185.37
515.5 185.133
516.546 185.033
517.834 184.965
519.197 184.875
521.702 184.71
530.06 183.599
531.49 183.422
539.971 182.466
541.375 182.316
546.911 181.739
548.288 181.615
564.208 180.7
565.5 180.666
566.786 180.64
663.504 189.865
667.2 189.646
371.188 182.077
418.957 188.606
426.822 190.489
427.387 190.63
427.953 190.773
465.697 193.451
486.134 191.326
486.583 191.253
512.319 186.268
521.569 185.306
522.678 185.192
524.117 185.043
525.53 184.883
526.916 184.705
528.349 184.514
548.091 182.372
549.472 182.252
554.89 181.867
557.569 181.719
558.9 181.656
560.223 181.601
561.539 181.553
562.845 181.511
566.748 181.42
662.841 190.422
666.933 190.246
371.348 182.76
419.165 188.953
428.116 191
465.681 193.567
486.466 191.48
512.038 186.733
525.309 185.606
526.593 185.445
549.278 183.005
550.664 182.892
552.033 182.792
553.397 182.7
554.756 182.615
556.12 182.54
566.711 182.214
568.013 182.199
569.286 182.19
570.554 182.187
571.819 182.188
573.079 182.196
663.195 191.457
666.702 190.833
369.969 183.317
371.583 183.417
372.929 183.5
373.97 183.552
374.958 183.657
419.332 189.292
428.279 191.234
465.649 193.683
486.428 191.63
511.827 187.172
526.41 186.062
527.778 185.948
529.284 185.793
530.727 185.652
573.081 182.993
662.427 192.013
666.498 191.416
373.099 184.056
374.247 184.163
375.323 184.317
376.103 184.428
376.944 184.465
377.831 184.485
419.442 189.621
427.864 191.337
465.599 193.802
486.378 191.783
486.914 191.71
511.664 187.585
530.522 186.371
531.852 186.242
533.326 186.093
534.751 185.966
536.125 185.839
573.085 183.805
576.83 183.867
661.541 192.546
666.316 191.999
372.022 184.63
377.917 185.094
403.934 187.308
405.23 187.524
406.519 187.736
407.827 187.95
409.158 188.171
410.516 188.4
411.899 188.637
413.316 188.883
414.762 189.138
416.259 189.4
417.801 189.666
419.466 189.942
421.08 190.185
428.011 191.569
428.582 191.694
465.529 193.923
466.388 193.843
466.936 193.791
467.427 193.745
467.938 193.698
468.454 193.652
468.981 193.606
469.515 193.56
470.059 193.514
470.608 193.467
471.163 193.421
471.723 193.374
472.288 193.327
472.854 193.28
473.423 193.232
473.991 193.184
474.558 193.136
475.123 193.087
475.684 193.038
476.24 192.989
476.791 192.939
477.334 192.888
477.871 192.838
478.398 192.786
478.917 192.735
479.425 192.683
479.923 192.631
480.409 192.578
480.885 192.527
481.348 192.475
481.8 192.425
486.856 191.895
510.652 188.082
511.543 187.965
535.874 186.589
537.169 186.458
538.607 186.305
540.006 186.171
541.364 186.032
558.548 184.715
559.914 184.681
561.268 184.654
562.613 184.631
563.949 184.614
565.276 184.601
566.595 184.591
570.516 184.59
571.805 184.602
573.088 184.618
575.605 184.655
576.841 184.676
578.091 184.704
661.734 193.352
663.07 193.493
666.154 192.585
370.536 185.095
372.431 185.215
377.969 185.53
397.729 186.842
399.001 187.014
400.274 187.185
401.571 187.362
402.918 187.557
420.892 190.423
421.822 190.511
428.715 191.917
465.436 194.049
481.759 192.546
482.202 192.501
482.609 192.46
483.006 192.419
483.398 192.377
483.779 192.337
484.154 192.298
484.519 192.261
484.879 192.224
485.233 192.188
485.592 192.15
485.958 192.109
486.37 192.064
486.862 192.009
509.519 188.624
541.032 186.801
542.315 186.641
551.352 185.75
554.244 185.604
557.078 185.502
566.563 185.376
567.878 185.373
569.199 185.376
575.615 185.463
576.856 185.491
578.115 185.522
662.973 194.05
666.015 193.172
372.639 185.638
378.059 185.949
378.825 185.98
384.547 186.189
385.677 186.261
386.801 186.325
387.942 186.387
390.361 186.536
391.591 186.638
392.822 186.744
394.076 186.858
395.358 186.984
396.688 187.128
421.727 190.742
422.521 190.843
428.277 192.026
430.524 192.491
465.325 194.179
486.288 192.198
508.395 189.193
542.015 187.275
543.381 187.145
549.679 186.543
551.192 186.459
552.662 186.39
554.122 186.33
555.557 186.279
567.858 186.144
569.187 186.155
570.51 186.167
571.809 186.184
661.811 195.043
665.92 193.762
666.255 193.746
372.702 186.145
379 186.443
379.994 186.491
381.16 186.518
382.335 186.554
383.529 186.601
388.044 186.847
389.202 186.893
422.557 191.114
428.398 192.25
428.965 192.363
429.52 192.473
430.078 192.585
430.646 192.701
465.203 194.314
485.809 192.454
486.171 192.395
507.34 189.771
508.106 189.642
543.118 187.739
549.493 187.222
566.519 186.892
571.817 186.956
573.117 186.987
574.395 187.022
660.798 195.976
666.248 194.404
667.07 194.28
372.844 186.667
422.577 191.423
430.771 192.914
465.066 194.451
486.13 192.695
486.76 192.639
507.876 190.157
508.79 190.056
543.028 188.237
544.277 188.182
547.672 187.963
552.418 187.769
566.507 187.644
574.42 187.811
575.698 187.854
576.958 187.901
578.212 187.95
659.785 196.933
666.877 194.798
371.023 187.166
373.074 187.161
421.631 191.538
430.897 193.13
431.491 193.248
464.908 194.591
486.673 192.877
508.607 190.509
544.178 188.732
545.684 188.673
550.785 188.456
552.346 188.432
565.161 188.372
578.258 188.753
657.086 197.982
657.88 198.06
658.719 198.016
666.922 195.069
373.163 187.561
421.782 191.817
431.605 193.457
432.192 193.571
464.722 194.736
486.681 193.033
507.646 190.971
544.168 189.21
545.502 189.188
549.044 189.117
562.425 189.058
563.804 189.085
578.307 189.573
579.569 189.631
656.335 199.021
657.71 199.275
667.031 195.338
667.691 195.414
669.378 195.502
371.174 188.115
420.769 191.871
432.309 193.779
441.455 195.463
442.022 195.564
442.555 195.65
443.071 195.724
443.579 195.787
444.083 195.841
444.585 195.887
445.09 195.927
445.597 195.959
446.108 195.986
446.624 196.007
447.146 196.022
447.675 196.033
448.21 196.038
448.753 196.038
449.304 196.034
449.863 196.025
450.431 196.012
451.007 195.995
451.591 195.974
452.184 195.949
452.785 195.92
453.395 195.888
454.014 195.851
454.641 195.812
455.277 195.769
455.922 195.722
456.575 195.673
457.237 195.62
457.909 195.564
458.59 195.504
459.28 195.441
459.981 195.375
460.693 195.306
461.417 195.233
462.153 195.156
462.907 195.074
463.679 194.986
464.487 194.89
486.677 193.195
507.507 191.392
544.139 189.679
547.279 189.704
549.003 189.723
559.592 189.715
561.022 189.743
562.43 189.777
563.821 189.818
579.62 190.452
635.367 194.289
636.617 194.466
637.877 194.666
639.144 194.889
640.42 195.136
641.707 195.412
643.007 195.724
644.322 196.084
645.655 196.507
647.007 197.023
648.325 197.638
649.466 198.247
650.423 198.758
651.257 199.162
652.009 199.477
652.712 199.718
653.388 199.894
654.06 200.011
654.751 200.073
655.502 200.101
657.506 199.777
669.338 196.028
670.67 196.085
371.232 188.564
420.986 192.14
432.42 193.988
433.021 194.1
433.606 194.21
441.05 195.553
464.206 195.046
486.674 193.372
507.402 191.819
542.861 190.159
545.576 190.198
547.291 190.26
548.963 190.267
558.133 190.371
561.035 190.449
562.458 190.501
563.853 190.556
578.407 191.214
579.674 191.278
633.034 194.814
634.268 194.957
647.699 198.028
655.29 201.172
657.278 200.072
670.46 196.434
371.215 189.001
419.958 192.174
433.723 194.412
439.883 195.507
440.552 195.619
441.253 195.739
463.99 195.155
486.686 193.553
507.343 192.245
508.126 192.222
541.627 190.662
544.186 190.696
547.235 190.842
558.148 191.053
579.729 192.097
631.92 195.516
648.424 198.96
655.112 201.51
656.949 200.423
668.485 196.195
669.487 196.397
371.122 189.44
418.837 192.176
433.838 194.62
434.445 194.729
435.628 194.943
436.232 195.05
436.844 195.157
437.463 195.264
438.089 195.371
438.723 195.478
439.366 195.583
440.709 195.798
441.433 195.914
463.8 195.254
486.713 193.739
508.132 192.676
509.122 192.653
510.275 192.577
541.628 191.174
542.799 191.22
545.816 191.347
556.698 191.667
579.785 192.921
630.807 196.234
649.022 199.749
654.999 201.663
656.653 200.724
664.087 196.212
666.063 195.948
667.222 196.106
667.839 196.227
370.972 189.886
419.046 192.409
434.555 194.932
435.152 195.036
441.586 196.085
463.624 195.354
486.756 193.929
510.129 193.058
511.172 192.981
512.353 192.864
545.704 191.836
556.76 192.336
579.846 193.748
628.482 196.854
629.692 196.959
649.481 200.433
654.102 202.068
654.467 201.992
654.88 201.843
656.363 201.031
663.156 196.895
663.784 196.543
665.234 196.217
665.578 196.211
666.018 196.192
666.838 196.285
370.772 190.339
419.162 192.622
420.597 192.838
421.478 192.969
441.715 196.255
463.463 195.453
486.817 194.12
512.09 193.345
513.175 193.235
545.643 192.314
556.848 193.009
578.65 194.498
627.357 197.602
649.827 201.05
653.766 202.228
656.117 201.307
662.848 197.299
663.473 197.082
664.628 196.799
665.129 196.631
665.705 196.636
370.526 190.802
421.547 193.151
441.827 196.423
463.311 195.552
486.897 194.315
512.899 193.654
514.025 193.555
515.33 193.406
545.654 192.782
555.447 193.56
577.452 195.236
582.433 195.536
583.656 195.61
626.25 198.366
650.076 201.622
653.767 202.423
655.89 201.584
662.188 197.867
662.652 197.669
663.54 197.585
370.237 191.278
420.553 193.25
441.924 196.588
463.166 195.649
487.001 194.513
514.908 193.867
516.119 193.721
544.449 193.195
555.594 194.228
576.253 195.968
577.527 196.055
580.033 196.212
581.265 196.284
583.726 196.433
626.334 199.231
650.236 202.168
653.764 202.632
655.672 201.87
661.025 198.595
661.668 198.3
662.078 198.207
369.938 191.771
420.659 193.493
442.005 196.753
463.024 195.747
487.127 194.714
515.662 194.12
544.51 193.688
555.773 194.906
575.056 196.689
578.855 196.956
583.801 197.273
585.035 197.359
626.433 200.096
627.614 200.21
650.307 202.702
653.746 202.88
655.453 202.178
658.75 200.025
659.619 199.513
660.234 199.197
367.486 192.68
420.765 193.728
442.074 196.918
462.88 195.846
487.285 194.919
515.342 194.453
544.624 194.178
555.981 195.595
575.144 197.502
576.426 197.597
577.676 197.686
585.112 198.202
627.74 201.084
650.274 203.242
652.218 203.2
653.551 203.175
655.251 202.498
655.579 202.29
657.533 200.959
367.232 193.159
420.855 193.963
442.13 197.083
462.732 195.945
487.479 195.128
487.982 195.175
489.133 195.255
490.352 195.311
491.476 195.343
492.559 195.361
493.601 195.368
494.618 195.369
495.611 195.364
496.586 195.355
497.542 195.345
498.483 195.332
499.408 195.318
500.32 195.304
501.22 195.291
502.108 195.277
502.985 195.264
503.852 195.251
504.71 195.238
505.562 195.226
506.408 195.213
507.25 195.199
508.09 195.183
508.93 195.164
509.77 195.14
510.613 195.111
511.458 195.074
512.313 195.028
513.176 194.972
514.065 194.901
514.964 194.812
543.533 194.565
556.217 196.297
585.188 199.053
625.455 201.687
626.662 201.8
627.873 201.927
651.913 203.662
653.35 203.557
655.353 202.647
656.521 201.851
366.902 193.657
420.934 194.198
442.176 197.248
462.574 196.045
487.712 195.336
514.546 195.19
515.5 195.079
543.698 195.071
556.478 197.014
585.269 199.906
609.943 201.414
611.137 201.47
612.339 201.535
613.542 201.606
614.745 201.683
615.949 201.764
617.151 201.849
618.354 201.937
619.556 202.028
620.757 202.123
621.958 202.221
623.158 202.323
624.353 202.427
651.616 204.388
653.252 203.987
654.882 203.19
655.157 203
656.201 202.338
364.282 194.765
421.002 194.434
442.213 197.415
462.398 196.149
487.942 195.523
515.084 195.415
543.948 195.589
556.766 197.748
558.191 197.979
585.351 200.759
608.803 202.218
650.053 205.191
653.103 204.467
654.96 203.398
655.607 202.94
363.907 195.287
421.058 194.672
442.24 197.584
462.197 196.258
462.858 196.172
463.707 196.068
464.59 195.97
465.448 195.882
466.284 195.803
467.096 195.731
467.886 195.665
468.656 195.605
469.407 195.55
470.139 195.501
470.855 195.455
471.554 195.414
472.238 195.377
472.907 195.343
473.562 195.313
474.203 195.286
474.831 195.262
475.447 195.24
476.051 195.222
476.644 195.206
477.227 195.192
477.799 195.181
478.362 195.171
478.917 195.165
479.463 195.16
480.002 195.158
480.534 195.159
481.06 195.162
481.582 195.169
482.101 195.179
482.618 195.194
483.139 195.217
488.156 195.702
513.972 195.751
544.264 196.105
558.482 198.748
585.436 201.614
586.651 201.706
608.844 203.091
650.095 205.828
652.955 204.883
654.79 203.812
655.051 203.601
363.422 195.847
421.102 194.911
442.26 197.755
461.965 196.379
483.227 195.365
483.779 195.401
484.235 195.44
485.104 195.505
485.56 195.534
486.039 195.575
486.527 195.628
488.348 195.874
513.698 196.063
514.42 196.018
544.642 196.629
558.789 199.531
586.732 202.565
608.9 203.969
610.05 204.044
650.042 206.459
652.814 205.276
654.451 204.408
654.644 204.271
360.512 197.285
362.921 196.413
421.133 195.153
442.273 197.928
461.746 196.514
484.329 195.619
484.795 195.648
486.672 195.794
487.209 195.866
487.658 195.934
488.092 195.994
488.534 196.052
514.175 196.401
515.218 196.328
545.076 197.151
559.11 200.336
585.612 203.336
610.13 204.937
649.891 207.13
651.431 206.623
651.954 206.27
652.205 206.036
652.491 205.777
652.71 205.586
652.927 205.435
653.159 205.301
653.39 205.187
653.609 205.097
653.816 205.032
654.01 204.984
654.179 204.954
654.558 204.94
654.832 205.172
655.518 205.471
362.285 196.966
421.147 195.399
442.28 198.104
461.594 196.649
488.304 196.198
488.845 196.303
514.829 196.694
515.971 196.571
517.79 196.32
520.053 196.082
522.364 195.911
524.631 195.805
526.848 195.759
529.026 195.776
545.588 197.694
559.444 201.166
584.498 204.096
585.708 204.203
607.883 205.629
609.05 205.713
649.675 207.87
654.931 206.383
655.62 206.613
361.194 197.809
421.145 195.648
442.283 198.283
461.504 196.778
489.108 196.554
515.395 196.966
516.702 196.772
528.97 196.134
531.305 196.23
532.969 196.348
534.581 196.461
536.264 196.598
537.932 196.764
539.591 196.962
541.236 197.196
542.872 197.474
544.513 197.809
546.147 198.216
559.79 202.022
583.388 204.842
606.788 206.413
649.451 208.69
654.619 207.128
360.055 198.74
421.122 195.903
442.282 198.464
461.458 196.904
489.282 196.836
489.864 196.889
515.998 197.409
517.743 197.302
546.841 198.878
560.142 202.905
583.504 205.699
604.484 207.087
605.703 207.176
649.276 209.575
654.681 208.205
655.055 208.29
358.807 199.788
361.315 198.45
421.077 196.171
442.278 198.649
461.448 197.026
489.994 197.16
517.191 197.864
519.383 197.831
547.875 200.112
549.998 200.705
559.309 203.542
582.393 206.427
602.137 207.817
603.321 207.868
604.521 207.927
647.918 210.624
655.188 209.437
359.66 199.675
361.868 198.401
363.708 197.451
365.592 196.595
367.403 195.869
369.153 195.25
370.852 194.718
372.516 194.255
374.152 193.855
375.773 193.507
377.384 193.206
378.994 192.949
380.609 192.731
382.236 192.549
383.88 192.402
385.548 192.29
387.245 192.212
388.977 192.17
390.752 192.164
392.576 192.198
394.462 192.275
396.418 192.401
398.467 192.586
400.624 192.846
402.95 193.212
405.291 193.702
406.976 194.143
408.22 194.493
409.291 194.781
410.265 195.026
411.19 195.24
412.086 195.431
412.968 195.604
413.838 195.76
414.705 195.901
415.574 196.028
416.446 196.141
417.326 196.24
418.215 196.324
419.119 196.391
420.041 196.436
421.012 196.45
421.997 196.424
422.652 196.391
423.256 196.375
423.892 196.379
424.533 196.4
425.189 196.434
425.851 196.48
426.526 196.537
427.209 196.604
427.904 196.68
428.608 196.766
429.324 196.863
430.052 196.97
430.794 197.091
431.55 197.226
432.322 197.381
433.111 197.562
433.876 197.767
434.507 197.952
435.051 198.105
435.563 198.232
436.059 198.341
436.546 198.437
437.031 198.52
437.516 198.594
438.002 198.657
438.494 198.712
438.992 198.758
439.498 198.794
440.016 198.821
440.548 198.839
441.1 198.847
441.671 198.844
442.274 198.834
461.466 197.146
490.072 197.418
490.691 197.443
518.802 198.259
550.655 201.774
558.553 204.203
581.269 207.136
598.679 208.511
599.866 208.569
601.022 208.641
604.642 208.919
605.999 209.083
607.15 209.199
608.293 209.309
609.468 209.418
610.649 209.522
611.84 209.623
613.035 209.72
614.236 209.813
615.44 209.902
616.648 209.989
617.859 210.073
619.075 210.157
620.294 210.24
621.519 210.323
622.748 210.406
623.983 210.49
625.224 210.576
626.472 210.663
627.727 210.753
628.99 210.844
630.261 210.937
631.54 211.034
632.828 211.135
634.125 211.242
635.43 211.362
647.875 211.432
649.182 211.207
649.827 211.053
650.281 210.874
650.714 210.671
651.123 210.479
651.529 210.294
651.926 210.127
652.32 209.989
652.708 209.896
653.087 209.869
653.452 209.91
653.784 209.956
655.339 210.256
655.893 210.411
357.488 201.495
403.773 193.661
433.351 197.833
442.266 199.034
461.509 197.263
490.714 197.698
518.814 198.487
551.182 202.965
553.102 203.411
558.998 205.203
560.107 205.486
561.235 205.757
562.36 206.007
563.479 206.233
564.592 206.436
565.701 206.614
566.807 206.768
567.915 206.897
569.03 207.002
570.162 207.085
580.119 207.837
595.255 209.225
596.425 209.275
597.576 209.343
598.702 209.396
635.553 212.263
636.896 212.411
647.786 212.234
653.081 210.626
653.814 210.833
654.096 210.789
656.077 211.285
659.094 211.953
355.505 203.549
356.826 202.748
405.256 194.924
433.751 198.426
442.231 199.32
461.573 197.381
490.717 197.949
517.543 198.581
553.561 204.515
555.069 204.881
556.219 205.286
557.293 205.638
558.365 205.95
570.23 208.01
571.36 208.036
572.573 208.067
573.831 208.126
575.102 208.209
576.38 208.306
577.66 208.414
578.942 208.53
580.228 208.653
581.518 208.785
582.79 208.929
594.165 210.101
598.853 210.502
637.024 213.454
647.645 213.049
653.092 211.135
654.074 211.325
655.67 211.644
656.316 211.963
657.019 212.271
658.146 212.624
659.292 212.932
355.001 205.057
406.137 196.222
434.054 199.058
442.164 199.63
461.656 197.495
490.695 198.208
491.292 198.2
516.553 198.695
517.769 198.862
553.998 205.775
570.281 208.992
582.93 209.792
584.242 209.972
585.409 210.155
589.844 210.685
590.973 210.772
592.1 210.88
593.186 210.989
599.12 211.848
637.085 214.602
638.403 214.661
647.449 213.891
653.08 211.577
654.096 211.655
654.443 211.714
655.135 211.941
655.813 212.235
657.298 213.101
354.034 206.581
406.619 197.392
434.267 199.657
442.074 199.952
461.759 197.612
491.235 198.463
491.894 198.434
514.389 198.816
515.406 198.843
554.464 207.041
570.355 210.066
585.559 211.12
586.754 211.273
587.825 211.433
588.867 211.551
599.37 213.231
638.431 215.775
639.592 215.81
640.611 215.886
647.195 214.776
651.918 212.356
652.469 212.135
653.035 211.998
653.571 211.918
653.902 211.896
654.153 211.974
655.328 212.592
656.966 213.649
353.165 208.049
406.896 198.516
434.426 200.252
441.963 200.294
461.877 197.723
491.78 198.685
513.385 199.24
554.912 208.281
570.479 211.195
599.609 214.625
639.648 217.022
640.674 217.083
641.504 217.103
642.429 216.991
646.879 215.722
649.194 214.342
649.773 213.929
650.316 213.616
650.836 213.368
651.302 213.171
655.7 213.786
656.568 214.246
352.356 209.551
407.031 199.603
434.547 200.84
441.833 200.662
462.023 197.845
491.074 198.998
491.655 198.939
513.417 199.782
555.34 209.517
570.642 212.353
599.845 216.038
638.504 218.245
642.266 218.173
643.169 217.971
644.195 217.668
646.498 216.747
647.72 216.029
648.359 215.549
650.696 214.101
651.201 213.972
651.694 214.014
652.319 214.099
351.663 210.938
407.063 200.667
434.64 201.43
441.681 201.068
442.199 200.81
442.513 200.631
442.783 200.487
443.067 200.358
443.352 200.245
443.644 200.14
443.942 200.039
444.249 199.938
444.565 199.833
444.898 199.718
445.255 199.588
445.687 199.435
446.254 199.269
446.855 199.135
447.454 199.026
448.056 198.933
448.659 198.851
449.266 198.777
449.875 198.708
450.488 198.643
451.103 198.581
451.72 198.521
452.339 198.463
452.96 198.407
453.582 198.352
454.205 198.299
454.828 198.248
455.451 198.198
456.072 198.15
456.693 198.105
457.311 198.063
457.928 198.025
458.541 197.991
459.153 197.963
459.76 197.941
460.367 197.927
460.969 197.922
461.577 197.93
462.17 197.955
462.824 197.995
463.792 198.04
464.739 198.059
465.646 198.061
466.545 198.056
467.437 198.049
468.329 198.044
469.22 198.042
470.114 198.048
471.011 198.067
471.911 198.105
472.817 198.171
491.503 199.223
513.723 200.37
555.748 210.747
570.832 213.532
600.081 217.47
637.288 219.338
643.909 218.801
644.908 218.425
646.066 217.872
647.201 217.147
647.964 216.55
648.519 216.294
649.192 216.089
649.846 215.869
651.065 215.603
651.664 215.629
652.303 215.693
349.945 212.9
407.013 201.712
434.711 202.02
445.056 199.871
473.032 198.412
491.339 199.525
514.122 200.91
556.141 211.979
571.041 214.728
600.317 218.927
637.343 220.456
643.684 219.759
644.597 219.467
648.919 217.64
649.613 217.486
650.284 217.381
349.192 214.517
406.895 202.744
434.763 202.613
444.727 200.559
473.319 198.87
491.148 199.874
491.7 199.69
492.597 199.493
493.617 199.361
494.659 199.279
495.714 199.23
496.763 199.206
497.805 199.199
498.834 199.207
499.85 199.227
500.851 199.258
501.836 199.3
502.802 199.352
503.75 199.413
504.677 199.482
505.583 199.561
506.469 199.648
507.334 199.745
508.177 199.851
508.999 199.969
509.799 200.099
510.581 200.245
511.347 200.414
512.113 200.627
513.856 201.229
556.521 213.212
571.265 215.939
600.559 220.414
637.34 221.555
642.647 220.951
643.473 220.725
644.387 220.487
645.35 220.226
646.283 219.92
647.139 219.623
647.94 219.375
347.657 216.659
406.718 203.767
434.8 203.209
444.471 201.354
473.477 199.35
490.987 200.359
491.408 200.153
512.487 201.194
513.366 201.54
513.931 201.829
556.89 214.45
571.5 217.162
600.81 221.94
637.282 222.67
641.704 222.171
642.453 222.005
346.989 218.586
406.487 204.782
434.823 203.809
444.289 202.124
473.53 199.808
491.364 201.156
514.224 202.843
514.845 203.014
557.249 215.692
571.744 218.398
601.079 223.515
637.172 223.809
638.481 223.627
642.285 223.181
346.501 220.539
347.181 220.553
348.564 220.348
406.206 205.791
434.835 204.412
444.147 202.891
473.51 200.266
491.617 201.879
492.105 201.978
515.265 204.67
557.6 216.939
571.996 219.644
601.397 225.197
638.261 224.741
639.26 224.533
642.162 224.253
347.968 222.729
349.292 222.191
405.875 206.798
434.837 205.018
444.033 203.646
473.424 200.73
474.474 200.615
475.04 200.536
475.506 200.479
476.008 200.441
476.515 200.421
477.041 200.414
477.574 200.417
478.12 200.428
478.67 200.447
479.227 200.471
479.784 200.501
480.344 200.536
480.904 200.575
481.463 200.619
482.019 200.666
482.572 200.717
483.121 200.772
483.664 200.829
484.202 200.89
484.734 200.952
485.258 201.016
485.775 201.082
486.284 201.149
486.784 201.217
487.274 201.285
487.754 201.354
488.224 201.424
488.681 201.494
489.125 201.566
489.556 201.642
489.972 201.723
490.372 201.815
490.763 201.927
491.147 202.077
491.551 202.283
491.977 202.572
492.53 202.933
493.358 203.15
516.296 206.538
517.269 206.871
557.942 218.192
572.255 220.901
600.762 226.523
601.819 227.005
637.98 226.106
639.049 225.828
642.024 225.319
348.633 224.042
405.492 207.804
434.83 205.628
443.939 204.398
473.28 201.222
493.734 204.109
494.647 204.306
495.746 204.284
518.43 208.811
558.277 219.453
572.521 222.168
601.18 228.11
602.185 228.508
634.426 227.875
635.507 227.844
636.625 227.708
641.873 226.39
348.361 225.322
349.475 225.013
405.052 208.814
434.815 206.241
443.859 205.144
473.114 201.749
495.93 205.412
519.408 210.443
520.644 210.944
558.604 220.72
572.796 223.447
601.619 229.754
602.524 230.143
602.913 230.286
603.69 230.469
604.543 230.546
605.375 230.539
606.234 230.467
607.121 230.324
608.091 230.12
609.166 229.929
610.29 229.809
611.417 229.746
612.539 229.711
613.647 229.684
614.756 229.656
615.855 229.625
616.935 229.547
618.081 229.418
619.283 229.293
620.523 229.186
621.792 229.105
623.072 229.048
624.356 229.011
625.643 228.988
626.932 228.977
628.221 228.976
629.509 228.985
630.796 229.009
632.071 229.055
633.319 229.135
634.462 229.243
641.718 227.424
349.063 226.586
404.548 209.832
434.792 206.858
443.791 205.888
472.959 202.292
495.34 205.983
521.603 212.6
523.046 213.155
558.927 222
573.08 224.736
601.008 230.877
606.805 231.917
612.479 231.061
613.549 231.057
614.642 231.012
615.75 230.986
616.682 230.903
617.838 230.713
630.841 230.165
632.164 230.223
633.436 230.319
634.364 230.238
640.749 228.614
348.856 227.745
403.965 210.867
434.762 207.478
443.732 206.63
472.818 202.833
495.737 206.806
496.348 206.996
523.845 214.683
525.321 215.201
559.249 223.291
573.379 226.038
600.329 231.85
606.564 232.603
610.06 232.06
611.273 232.034
615.621 231.724
617.629 231.6
629.553 231.021
630.884 231.039
632.248 231.071
633.521 231.099
634.114 231.073
640.572 229.596
347.731 229.251
348.542 229.02
403.276 211.931
434.725 208.102
443.682 207.37
472.681 203.37
496.937 208.139
526.013 216.65
527.508 217.137
559.592 224.618
573.702 227.355
598.319 232.322
599.583 232.803
606.412 233.056
607.121 233.008
608.571 232.908
614.172 232.304
615.305 232.089
616.68 231.986
617.59 232.04
618.478 232.028
620.015 231.974
629.56 231.839
632.295 231.823
634.063 231.943
634.78 231.819
635.804 231.527
639.553 230.709
348.241 230.951
402.437 213.053
434.681 208.729
443.638 208.11
472.548 203.9
497.47 209.026
498.205 209.313
499.457 209.617
528.106 218.525
558.182 225.537
574.065 228.688
574.976 228.988
576.104 229.292
597.592 233.211
612.914 232.847
616.663 232.461
617.737 232.468
619.994 232.67
628.202 232.674
629.553 232.66
632.303 232.586
634.102 232.576
635.6 232.301
636.658 232.111
638.501 231.79
348.139 232.424
401.351 214.29
405.759 212.452
434.631 209.36
443.601 208.85
472.413 204.422
499.812 210.713
528.733 219.814
531.839 220.802
558.514 226.782
560.328 227.115
574.472 229.995
576.464 230.784
577.422 230.903
595.237 233.507
596.739 233.99
611.675 233.326
612.637 233.202
620.102 233.348
621.461 233.444
622.858 233.504
624.205 233.543
628.176 233.49
629.524 233.46
632.245 233.33
633.562 233.24
634.12 233.211
634.515 233.263
636.473 233.014
637.454 232.828
348.061 233.919
348.895 233.97
404.243 213.727
407.259 212.338
434.573 209.995
443.57 209.589
472.277 204.936
500.052 211.387
529.378 221.146
530.726 221.66
532.436 222.266
533.946 222.681
560.481 228.246
574.87 231.195
577.628 232.077
578.708 232.243
579.97 232.338
594.161 234.169
610.268 233.8
622.921 234.298
624.255 234.37
626.762 234.323
629.454 234.266
633.443 233.939
634.613 234.209
635.251 234.233
348.862 235.816
350.124 235.743
405.851 213.707
408.352 212.535
434.509 210.634
443.545 210.331
472.136 205.441
500.332 212.04
534.348 224.001
560.67 229.638
573.226 231.744
574.21 232.026
580.139 233.543
581.318 233.657
582.689 233.76
584.058 233.909
585.406 234.064
586.758 234.211
588.122 234.343
594.588 235.109
609.038 234.22
622.957 235.013
626.748 235.092
628.12 235.099
629.371 235.066
633.286 234.819
635.189 235.071
349.909 237.448
351.286 237.207
407.059 213.957
409.328 212.876
434.438 211.278
443.526 211.073
471.989 205.937
500.706 212.805
534.741 225.15
559.347 230.731
572.533 232.597
588.221 235.454
589.565 235.521
591.198 235.609
594.881 235.945
606.324 234.683
608.068 234.615
621.729 235.718
622.961 235.773
626.774 235.906
629.307 235.905
633.187 235.663
635.212 235.65
350.964 238.851
352.423 238.495
408.065 214.366
410.194 213.301
411.369 212.922
434.358 211.928
443.514 211.818
471.836 206.425
501.124 213.61
533.836 225.974
559.694 232.096
571.764 233.427
591.319 236.482
593.032 236.601
605.211 235.121
606.106 234.977
607.348 234.925
608.096 234.983
620.59 236.424
621.794 236.512
622.997 236.585
624.23 236.657
626.786 236.754
628.065 236.762
629.256 236.744
633.046 236.481
634.28 236.262
634.872 236.143
635.26 236.144
352.003 240.094
410.834 213.867
412.533 213.304
434.269 212.582
443.509 212.566
471.674 206.904
501.583 214.459
534.333 227.293
558.394 233.101
570.926 234.263
591.524 237.013
604.212 235.685
623.082 237.442
624.298 237.532
625.528 237.59
626.784 237.624
628.03 237.629
629.219 237.625
635.344 236.789
351.933 241.276
353.05 241.129
359.541 238.819
411.791 214.649
413.581 213.924
434.171 213.244
443.511 213.319
471.501 207.376
502.072 215.331
534.904 228.686
536.138 229.138
557.017 233.988
567.031 234.916
567.98 234.988
569.997 235.117
590.118 237.295
591.873 237.437
603.967 236.134
624.375 238.363
625.571 238.449
626.792 238.508
627.996 238.529
629.197 238.527
630.328 238.509
631.496 238.457
635.456 238.045
352.894 242.66
354.383 242.375
356.544 241.573
358.754 240.77
412.749 215.356
414.521 214.578
434.062 213.915
443.522 214.075
471.317 207.838
502.592 216.23
536.802 230.645
538.26 231.167
539.858 231.614
557.388 235.231
559.219 235.6
560.383 235.792
561.346 235.862
562.292 235.875
564.197 235.87
565.152 235.897
566.122 235.934
568.025 236.06
568.961 236.064
570.049 236.071
591.948 237.744
593.579 237.73
603.141 236.656
626.826 239.356
627.994 239.408
629.173 239.431
631.422 239.423
632.515 239.375
633.569 239.31
634.558 239.266
354.026 243.875
355.718 243.384
358.062 242.36
413.663 216.06
415.41 215.252
433.94 214.596
443.543 214.84
471.119 208.295
503.141 217.149
540.321 233.094
541.774 233.436
557.686 236.436
562.259 236.973
563.174 236.937
593.406 238.051
602.355 237.221
629.173 240.306
632.475 240.359
633.531 240.362
634.541 240.358
355.163 244.804
359.007 243.154
414.527 216.782
416.248 215.939
433.804 215.289
443.576 215.609
470.908 208.743
503.721 218.091
542.102 234.731
557.932 237.648
593.048 238.486
594.611 238.344
602.261 237.726
628.083 241.105
631.42 241.265
632.492 241.305
354.931 245.879
356.224 245.511
358.532 244.786
415.318 217.541
417.011 216.632
417.977 216.377
433.65 215.999
443.621 216.394
470.678 209.188
504.334 219.055
542.499 235.917
543.869 236.29
556.392 238.622
594.228 238.749
595.43 238.575
600.369 238.141
601.718 238.117
602.324 238.182
628.148 241.966
629.252 242.045
630.367 242.117
632.528 242.24
354.73 247.068
417.59 217.413
419.018 216.991
433.475 216.733
443.684 217.182
470.433 209.624
504.985 220.041
544.263 237.566
554.842 239.563
593.686 239.298
595.06 239.04
596.207 238.864
598.201 238.723
599.532 238.596
600.228 238.515
601.137 238.513
629.327 242.933
630.433 243.021
632.578 243.171
354.612 248.42
355.551 248.356
418.443 218.462
419.967 217.829
433.272 217.502
443.767 218.005
470.164 210.064
505.683 221.059
544.673 238.742
549.786 239.985
551.455 240.306
553.15 240.512
555.077 240.7
590.735 240.18
591.999 240.065
595.883 239.446
596.835 239.268
597.419 239.215
598.039 239.126
598.894 239.068
628.319 243.711
630.517 243.918
631.612 244.019
355.488 250.043
356.85 249.884
419.289 219.394
420.813 218.676
433.034 218.328
433.743 217.888
434.216 217.54
434.637 217.255
435.061 217.017
435.471 216.824
435.877 216.664
436.276 216.531
436.669 216.422
437.058 216.334
437.442 216.265
437.823 216.212
438.2 216.176
438.574 216.156
438.945 216.152
439.313 216.164
439.678 216.194
440.041 216.243
440.401 216.311
440.759 216.401
441.114 216.514
441.467 216.654
441.817 216.822
442.166 217.024
442.512 217.264
442.856 217.552
443.197 217.894
443.54 218.311
443.871 218.81
444.229 219.431
444.735 220.263
445.195 220.878
445.615 221.308
446.022 221.629
446.423 221.865
446.822 222.036
447.223 222.152
447.626 222.222
448.033 222.249
448.445 222.238
448.861 222.192
449.283 222.115
449.71 222.006
450.145 221.869
450.587 221.705
451.037 221.514
451.495 221.297
451.963 221.055
452.442 220.789
452.932 220.496
453.435 220.18
453.952 219.837
454.486 219.468
455.04 219.071
455.615 218.647
456.218 218.193
456.851 217.707
457.523 217.187
458.241 216.633
459.014 216.043
459.854 215.417
460.775 214.757
461.795 214.066
462.946 213.346
464.24 212.628
465.606 211.979
467.006 211.413
468.426 210.924
469.876 210.497
471.311 210.14
472.469 209.901
473.586 209.725
474.713 209.602
475.833 209.533
476.951 209.518
478.062 209.559
479.167 209.655
480.261 209.807
481.338 210.015
482.389 210.275
483.406 210.578
484.379 210.911
485.307 211.26
486.191 211.615
487.039 211.97
487.856 212.321
488.648 212.667
489.42 213.007
490.179 213.342
490.927 213.674
491.667 214.004
492.401 214.334
493.131 214.666
493.861 215.002
494.589 215.34
495.317 215.686
496.045 216.038
496.777 216.399
497.509 216.768
498.245 217.149
498.981 217.538
499.722 217.94
500.464 218.353
501.21 218.779
501.955 219.216
502.704 219.666
503.45 220.127
504.202 220.604
504.943 221.087
505.703 221.597
506.427 222.097
545.069 239.918
546.463 240.318
548.335 240.811
551.692 241.658
553.065 241.706
554.995 241.586
589.333 240.854
628.42 244.592
630.623 244.834
631.71 244.952
356.61 251.472
358.102 251.174
360.147 250.412
420.094 220.299
421.603 219.532
432.758 219.268
444.002 219.786
461.064 215.042
507.259 223.214
546.919 241.536
548.697 241.982
588.074 241.52
627.428 245.343
628.532 245.475
629.636 245.614
630.742 245.756
359.375 252.301
420.856 221.209
422.346 220.401
432.481 220.354
444.158 221.462
460.425 215.894
508.366 224.689
547.347 242.573
585.817 242.163
586.915 242.173
630.878 246.691
358.962 253.412
421.569 222.14
423.036 221.282
432.251 221.508
444.217 223.034
459.772 216.791
509.485 226.176
546.144 243.205
547.654 243.51
557.855 243.353
559.01 243.181
560.141 243.037
561.241 242.918
562.324 242.816
563.393 242.729
564.455 242.654
565.511 242.59
566.564 242.537
567.615 242.495
568.666 242.461
569.716 242.436
570.767 242.419
571.82 242.411
572.875 242.412
573.933 242.42
574.995 242.437
576.062 242.46
577.133 242.491
578.21 242.527
579.293 242.568
580.379 242.613
581.47 242.659
582.559 242.706
583.648 242.752
584.72 242.792
585.781 242.816
586.902 242.847
588.004 242.912
589.167 242.989
590.337 243.041
591.489 243.067
592.62 243.071
593.722 243.055
594.792 243.024
595.825 242.983
596.832 242.945
597.836 242.934
598.834 242.967
599.829 243.042
600.83 243.151
601.843 243.286
602.871 243.442
603.916 243.614
604.979 243.798
606.061 243.99
607.159 244.183
608.271 244.374
609.394 244.563
610.524 244.747
611.661 244.926
612.802 245.101
613.947 245.271
615.095 245.437
616.244 245.599
617.394 245.757
618.544 245.911
619.694 246.063
620.844 246.212
621.991 246.358
623.136 246.503
624.278 246.647
625.416 246.791
626.55 246.937
627.678 247.088
628.8 247.246
629.919 247.413
631.026 247.589
632.115 247.779
357.604 254.717
422.21 223.112
423.653 222.17
424.467 221.942
432.062 222.687
444.212 224.45
459.039 217.829
460.134 216.825
461.98 215.456
463.831 214.385
465.52 213.6
467.129 212.987
468.665 212.503
470.147 212.116
471.576 211.816
472.966 211.593
474.325 211.446
475.668 211.367
477.001 211.356
478.336 211.419
479.68 211.561
481.045 211.8
482.445 212.155
483.908 212.682
510.617 227.645
511.789 228.524
513.563 229.817
515.29 231.018
516.874 232.077
518.38 233.05
519.815 233.95
521.197 234.793
522.529 235.585
523.819 236.334
525.07 237.038
526.286 237.705
527.47 238.334
528.625 238.928
529.754 239.489
530.858 240.018
531.94 240.514
533.002 240.98
534.047 241.414
535.075 241.815
536.09 242.184
537.094 242.518
538.09 242.813
539.083 243.064
540.085 243.269
541.116 243.421
544.892 243.902
546.383 244.172
547.778 244.382
549.226 244.457
550.456 244.439
551.653 244.43
552.876 244.413
554.104 244.369
555.322 244.286
556.475 244.173
595.774 243.952
632.32 248.77
357.487 256.092
358.366 256.071
424.102 223.157
425.295 222.768
431.902 223.889
444.166 225.816
458.168 219.155
484.485 213.566
511.768 229.078
541.184 244.68
544.964 244.857
546.433 244.969
594.733 245.069
595.776 245.095
631.419 249.797
632.578 250.027
358.405 257.848
359.712 257.802
424.752 224.514
426.015 223.888
430.388 224.854
430.867 224.921
431.761 225.1
444.09 227.142
457.21 220.885
485.467 215.444
512.792 230.321
541.174 245.432
543.524 245.665
544.967 245.815
592.622 246.121
593.702 246.167
630.482 250.914
631.616 251.092
632.748 251.223
633.789 251.342
359.598 259.432
361.013 259.253
425.384 225.761
426.628 225.05
429.802 225.903
430.747 226.049
431.215 226.197
443.989 228.453
456.437 222.587
486.186 217.282
513.668 231.402
540.418 246.005
541.177 246.124
542.223 246.358
543.57 246.638
544.922 246.781
589.371 247.011
590.493 247.083
591.596 247.161
629.514 251.999
630.69 252.193
631.779 252.367
632.854 252.484
633.895 252.545
360.791 260.831
362.271 260.553
425.97 227.013
427.177 226.271
429.693 227.106
443.87 229.751
455.83 224.178
486.663 218.9
514.435 232.386
544.795 247.747
588.326 248.024
632.963 253.56
361.951 262.097
426.511 228.318
427.669 227.575
429.592 228.378
443.734 231.045
455.326 225.708
486.996 220.417
515.125 233.304
543.626 248.245
586.179 248.937
587.306 249.026
633.102 254.843
634.195 254.963
361.971 263.254
363.094 263.183
427.007 229.707
428.11 228.984
429.5 229.702
443.584 232.334
454.897 227.187
487.216 221.848
515.754 234.175
517.123 235.078
543.621 248.799
582.814 249.769
583.975 249.828
585.127 249.911
633.215 256.183
634.269 256.221
363.06 264.699
364.527 264.539
427.46 231.205
428.501 230.531
429.409 231.09
429.782 231.458
443.422 233.623
454.524 228.632
487.343 223.228
517.684 235.879
542.781 249.242
581.696 250.777
630.097 257.168
631.182 257.318
632.254 257.437
364.315 266.056
365.857 265.772
427.876 232.838
428.849 232.248
429.688 233.029
443.249 234.911
454.199 230.044
487.387 224.567
518.242 236.699
542.096 249.776
580.579 251.779
581.734 251.829
593.687 253.774
594.782 253.995
595.853 254.183
629.137 258.291
365.525 267.246
428.263 234.633
429.167 234.163
429.607 234.522
443.067 236.201
453.913 231.433
487.352 225.882
518.795 237.509
542.287 250.587
579.444 252.791
589.327 254.1
590.51 254.366
591.668 254.613
592.826 254.857
596.079 255.552
597.11 255.697
598.21 255.845
599.303 256.012
600.376 256.175
601.436 256.318
629.286 259.544
630.445 259.665
632.4 259.81
365.522 268.333
428.634 236.636
442.876 237.492
453.662 232.797
487.233 227.186
519.339 238.309
542.567 251.438
543.386 251.79
544.656 252.326
545.922 252.809
547.113 253.205
548.265 253.532
549.378 253.794
550.462 254
551.522 254.154
552.566 254.262
553.601 254.325
554.638 254.344
555.69 254.323
556.779 254.27
557.916 254.214
559.066 254.178
560.21 254.154
561.348 254.138
562.477 254.124
563.598 254.112
564.712 254.099
565.819 254.084
566.92 254.066
568.017 254.043
569.11 254.014
570.202 253.974
571.3 253.919
572.419 253.849
573.584 253.784
574.767 253.748
575.954 253.738
577.137 253.75
578.317 253.782
579.479 253.835
580.637 253.91
581.905 254.021
583.182 254.164
584.473 254.334
585.777 254.532
587.083 254.764
588.385 255.044
601.627 257.686
602.645 257.794
628.248 260.677
629.404 260.785
630.48 260.814
631.514 260.83
632.433 260.873
365.579 269.513
366.636 269.565
427.718 239.818
429.013 238.971
442.677 238.785
453.44 234.141
487.019 228.5
519.873 239.098
542.117 251.942
555.603 255.412
571.218 255.018
587.336 255.92
602.822 259.014
603.897 259.191
605.029 259.347
606.139 259.513
607.226 259.675
608.298 259.826
609.359 259.962
610.411 260.074
630.502 261.99
366.757 271.019
428.347 241.472
429.293 240.864
442.471 240.08
453.246 235.464
486.69 229.852
520.409 239.886
541.643 252.434
554.569 256.327
571.144 256.188
586.165 256.859
587.582 257.078
588.909 257.28
610.558 261.444
611.565 261.51
626.262 263.086
627.335 263.207
628.405 263.276
629.474 263.298
630.546 263.301
365.998 272.004
366.94 272.158
368.493 272.457
370.406 272.649
372.16 272.538
428.702 243.584
442.258 241.378
453.078 236.77
486.211 231.296
488.627 230.331
489.889 229.751
520.948 240.67
541.948 253.259
554.553 257.204
571.101 257.383
589 258.211
590.293 258.4
611.69 262.734
612.743 262.847
624.217 264.097
625.324 264.269
371.986 274.581
373.436 274.343
375.2 273.951
376.873 273.6
378.446 273.179
427.838 246.947
428.941 246.338
442.039 242.678
452.935 238.057
489.42 230.873
490.747 230.296
491.632 230.084
492.517 229.922
521.511 241.474
541.484 253.71
542.275 254.081
554.585 258.13
571.088 258.586
590.443 259.466
591.695 259.641
612.884 264.039
613.959 264.178
623.273 265.205
377.912 275.533
379.25 275.042
428.263 249.306
441.814 243.982
452.816 239.328
492.444 230.919
493.61 230.772
494.445 230.815
496.87 231.006
520.604 241.289
540.996 254.165
554.656 259.076
571.104 259.793
572.148 259.822
591.859 260.738
614.111 265.353
615.203 265.507
622.266 266.259
372.075 276.442
375.047 276.715
378.845 276.781
380.284 276.469
382.037 275.868
383.689 275.278
385.293 274.602
426.343 253.258
441.584 245.287
452.721 240.58
494.408 232.011
495.415 231.887
496.109 231.923
496.863 231.839
498.157 231.94
499.109 232.175
500.909 232.66
521.199 242.089
540.577 254.687
554.754 260.045
572.196 261.062
591.946 261.909
593.293 262.047
615.361 266.669
616.469 266.836
622.414 267.467
370.88 277.213
372.087 277.283
373.805 277.433
375.054 277.519
384.355 277.135
424.418 256.427
441.348 246.597
452.65 241.818
499.26 233.307
500.274 233.417
501.034 233.543
502.286 233.834
503.254 234.184
505.057 234.831
509.792 236.495
511.012 236.898
512.336 237.446
513.716 238.089
515.167 238.822
516.716 239.663
518.416 240.661
521.842 242.927
540.925 255.593
554.874 261.032
572.256 262.228
593.37 263.127
594.595 263.25
616.634 267.981
617.765 268.165
618.96 268.304
620.143 268.435
621.328 268.555
383.907 278.512
385.083 278.131
386.955 277.398
423.952 258.783
441.107 247.91
452.604 243.04
503.496 235.365
504.493 235.567
505.242 235.756
506.448 236.115
507.352 236.477
508.188 236.771
509.051 237.052
518.932 241.516
520.992 242.792
522.551 243.858
541.31 256.538
555.009 262.038
572.306 263.398
594.715 264.355
595.922 264.5
616.856 269.04
386.336 279.443
387.852 278.883
389.724 277.976
423.449 261.044
440.861 249.227
452.584 244.251
521.598 244.132
523.173 244.876
524.367 245.597
525.542 246.328
526.951 247.302
541.703 257.479
555.156 263.058
572.358 264.584
596.065 265.621
597.264 265.782
616.011 269.849
388.915 280.145
390.477 279.414
422.911 263.349
440.611 250.548
452.592 245.448
527.66 248.391
541.386 258.005
542.101 258.437
555.302 264.076
572.42 265.778
597.432 266.918
615.16 270.68
389.806 281.109
391.446 280.452
420.588 266.543
440.356 251.875
452.629 246.64
528.865 250.69
542.58 259.524
554.685 265.015
572.496 266.981
573.551 267.052
597.524 268.12
598.839 268.261
614.311 271.526
390.843 282.013
420.072 268.609
440.096 253.206
452.697 247.82
529.726 252.879
543.051 260.533
554.846 266.141
573.645 268.284
598.93 269.368
600.127 269.502
614.493 272.579
383.93 283.099
390.703 283.076
391.969 282.797
419.394 270.73
421.55 268.982
439.833 254.544
452.798 249.005
530.311 254.843
531.957 255.279
532.623 255.377
533.081 255.446
533.641 255.631
534.232 255.884
534.885 256.2
535.565 256.548
536.282 256.93
537.018 257.331
537.779 257.758
538.555 258.203
539.35 258.672
540.157 259.166
540.98 259.691
541.815 260.256
542.656 260.861
543.493 261.498
555.031 267.302
573.742 269.447
600.269 270.638
601.448 270.804
613.649 273.455
382.717 284.095
383.848 283.991
391.764 284.158
420.633 271.134
439.565 255.888
452.937 250.186
530.759 256.802
544.099 262.786
555.226 268.48
573.823 270.616
601.631 271.966
612.819 274.343
391.815 285.193
408.915 280.579
410.52 279.996
412.116 279.27
413.763 278.368
415.492 277.268
417.315 275.908
419.269 274.18
439.294 257.239
453.12 251.386
531.15 258.828
543.951 263.952
555.424 269.675
573.909 271.807
574.978 271.884
601.756 273.195
612.002 275.242
391.941 286.246
393.138 286.278
395.316 286.154
397.444 285.854
399.383 285.468
401.25 285.013
403.066 284.505
404.863 283.941
406.676 283.349
416.129 278.606
439.019 258.597
453.349 252.591
531.525 260.896
544.637 265.876
555.623 270.886
575.076 273.099
601.866 274.383
603.209 274.526
610.215 275.963
611.197 276.153
413.918 281.052
415.552 279.873
417.176 278.498
418.716 276.959
438.74 259.963
453.636 253.846
531.878 262.953
545.17 267.639
546.096 268.126
546.772 268.48
555.819 272.113
575.174 274.247
603.291 275.629
604.472 275.765
609.442 276.882
417.995 278.248
419.243 277.006
420.245 275.982
421.161 275.046
438.458 261.337
453.986 255.117
532.2 264.993
546.484 269.747
547.17 270.011
556.012 273.351
575.251 275.397
604.63 276.931
607.724 277.6
608.685 277.812
420.583 276.439
421.497 275.58
422.294 274.856
423.071 274.157
438.173 262.722
454.429 256.52
532.48 267.004
546.052 271.201
556.199 274.603
575.324 276.562
604.745 278.174
606.005 278.341
607.009 278.535
422.608 275.516
423.411 274.843
424.128 274.274
437.886 264.114
443.738 256.218
444.381 255.143
445.019 254.299
445.628 253.661
446.218 253.176
446.788 252.827
447.347 252.592
447.895 252.461
448.438 252.422
448.976 252.471
449.515 252.603
450.053 252.815
450.598 253.109
451.148 253.484
451.716 253.948
452.292 254.498
452.901 255.158
453.527 255.928
454.23 256.871
454.934 257.907
532.702 268.991
534.27 269.078
546.435 272.943
556.371 275.847
575.391 277.72
606.15 279.524
423.702 275.653
424.458 275.053
425.144 274.541
425.83 274.028
437.597 265.517
439.966 262.428
440.409 261.746
440.837 261.18
441.236 260.715
441.61 260.312
441.966 259.942
442.299 259.59
442.62 259.222
442.915 258.764
443.316 257.954
534.401 270.939
546.771 274.659
555.918 277.044
574.394 278.846
606.297 280.806
425.468 275.368
426.185 274.86
426.837 274.421
427.494 273.974
437.306 266.926
439.253 264.516
442.741 261.712
443.199 261.583
534.524 273.107
546.224 276.091
556.096 278.43
574.463 280.052
575.506 280.127
605.181 281.852
427.171 275.315
427.855 274.871
428.48 274.484
429.111 274.084
437.008 268.356
438.933 266.136
442.72 265.92
534.666 275.243
536.125 275.238
545.629 277.492
556.296 279.865
556.883 280.018
575.62 281.377
605.384 283.042
428.814 275.443
429.468 275.044
430.067 274.691
430.673 274.307
431.284 273.911
431.893 273.516
432.5 273.117
433.103 272.714
433.703 272.303
434.3 271.88
434.894 271.436
435.49 270.959
436.086 270.431
436.704 269.802
437.317 269.062
437.73 268.513
438.089 268.074
438.422 267.759
438.696 267.623
442.524 269.05
442.926 269.359
443.628 269.298
536.219 277.205
545.852 279.104
557.098 281.525
575.743 282.527
604.178 283.973
443.381 273.648
443.995 273.341
536.283 279.496
537.586 279.464
546.004 280.687
557.295 282.901
575.86 283.671
604.373 285.074
443.833 276.686
444.502 276.546
537.7 281.637
546.093 282.304
546.928 282.094
547.546 281.908
548.142 281.769
548.766 281.681
549.398 281.642
550.042 281.653
550.696 281.715
551.364 281.834
552.045 282.017
552.738 282.282
557.472 284.306
561.404 284.392
562.388 284.282
564.405 284.246
565.468 284.248
573.666 284.619
574.816 284.647
575.991 284.771
604.565 286.161
444.415 279.565
445.134 279.527
537.793 284.136
552.957 283.584
557.651 285.772
560.552 286.037
562.399 285.619
563.494 285.578
565.529 285.512
566.69 285.599
567.653 285.712
568.616 285.76
569.611 285.788
570.613 285.811
571.629 285.833
572.629 285.843
576.146 285.959
603.214 287
445.101 282.325
445.872 282.377
446.812 281.937
537.94 286.658
553.226 285.396
557.836 287.274
560.627 287.793
561.35 287.782
576.303 287.743
577.653 287.846
578.799 287.94
600.052 287.767
601.677 287.821
603.392 287.972
446.712 285.202
447.525 284.775
536.76 288.935
553.439 287.212
558.031 288.801
560.104 289.469
561.518 289.902
578.841 289.448
580.055 289.478
581.177 289.535
582.319 289.535
583.502 289.505
584.709 289.451
585.948 289.377
587.219 289.288
588.528 289.193
589.869 289.098
591.249 289.01
592.659 288.934
594.103 288.875
595.572 288.837
597.07 288.83
598.538 288.842
603.551 288.957
447.399 287.256
536.909 291.192
553.587 288.943
554.395 289.021
558.236 290.336
559.574 290.917
560.332 291.238
561.737 291.708
597.092 289.973
598.618 290.026
603.702 290.229
447.445 289.015
537.001 293.433
554.478 290.604
555.673 290.825
556.208 290.978
556.76 291.144
557.32 291.344
557.887 291.578
558.45 291.848
559.041 292.166
559.822 292.574
560.565 292.906
561.988 293.53
562.765 293.879
563.876 294.264
564.967 294.521
565.993 294.685
566.989 294.787
567.956 294.842
568.904 294.857
569.839 294.823
570.772 294.712
597.069 291.485
598.676 291.44
603.766 291.51
605.668 291.573
447.553 290.877
448.218 291.088
537.043 295.718
554.537 292.387
555.279 292.374
559.309 293.757
560.051 294.156
560.79 294.477
561.53 294.866
570.751 297.292
571.613 297.006
583.239 295.366
605.618 292.719
448.41 293.369
537.06 298.111
554.593 294.173
555.35 294.091
571.558 298.913
572.542 298.795
573.704 298.501
582.083 297.715
583.113 297.807
583.966 297.641
605.517 294.083
448.651 295.173
466.692 299.587
535.755 300.513
553.832 295.992
554.639 295.939
555.368 295.833
573.608 300.541
579.777 299.829
580.919 299.894
583.659 299.776
584.633 299.391
605.455 295.424
448.932 297.047
449.656 297.503
464.772 301.584
465.958 302.222
467.042 302.811
467.87 302.997
468.875 302.886
469.915 302.8
470.944 302.644
471.993 302.337
527.945 302.02
529.278 302.43
535.775 302.904
537.038 302.778
537.866 302.517
538.593 302.142
539.314 301.774
540.027 301.448
540.745 301.134
544.479 299.856
545.212 299.678
545.944 299.467
555.392 297.529
573.617 301.852
574.546 301.867
577.302 301.777
578.586 301.82
584.307 301.207
585.398 300.817
605.35 296.716
607.236 296.587
450.095 299.803
451.156 300.366
463.969 303.572
471.746 305.379
472.698 304.787
526.787 303.78
528.39 304.411
529.646 305.014
530.679 305.27
531.907 305.358
533.149 305.411
534.418 305.39
540.544 303.116
541.272 302.776
542.058 302.438
542.837 302.167
543.613 301.938
545.102 301.589
545.829 301.378
546.55 301.118
555.438 299.323
574.66 303.345
575.906 303.496
585.059 302.462
607.066 297.759
451.494 302.403
452.648 302.915
462.927 305.174
472.412 306.989
473.498 306.507
528.689 306.188
544.259 303.421
544.978 303.126
546.437 302.803
547.189 302.59
553.828 301.228
554.634 301.139
555.459 301.058
584.935 303.729
585.887 303.548
606.822 299.133
452.967 304.795
454.22 305.358
455.676 305.688
463.307 307.239
473.236 308.448
474.416 308.018
528.873 308.192
547.081 304.178
550.469 303.403
552.984 303.011
553.823 302.956
554.586 302.857
555.418 302.632
556.196 302.446
556.9 302.362
585.738 305.037
586.956 304.81
606.609 300.468
608.471 300.255
455.962 307.831
457.231 308.144
458.735 308.354
463.593 309.185
474.134 309.815
529.041 310.246
547.022 305.585
547.779 305.475
548.672 305.331
549.562 305.195
550.421 305.096
551.212 304.971
552.068 304.798
552.943 304.655
555.315 304.302
556.888 303.799
586.731 306.239
588.036 305.963
589.663 305.425
608.254 301.444
458.939 310.313
460.337 310.566
462.06 310.786
474.112 311.135
475.082 310.996
527.64 312.117
555.236 305.715
555.986 305.571
556.851 305.43
589.162 307.031
607.934 302.839
609.659 302.625
475.009 312.629
524.758 313.845
526.237 314.046
588.869 308.096
609.47 303.881
475.091 313.944
476.081 313.917
515.977 314.077
519.135 314.941
520.605 315.339
522.007 315.618
523.458 315.816
588.652 309.126
609.175 305.319
610.837 305.131
476.097 315.487
514.744 315.588
516.52 316.171
517.958 316.603
588.473 310.233
610.681 306.429
476.248 316.773
477.272 316.824
515.231 317.496
516.937 317.897
518.333 318.258
588.326 311.372
610.454 307.907
477.364 318.351
513.811 318.814
515.807 319.388
588.193 312.498
610.292 309.321
477.586 319.613
478.642 319.743
516.18 320.815
587.177 313.837
588.038 313.683
610.133 310.662
478.844 321.256
480.248 321.367
510.832 321.534
512.741 321.953
514.583 322.28
587.948 315.171
590.976 314.916
609.925 311.974
611.807 311.685
480.289 322.812
481.77 322.832
509.253 322.691
587.086 316.409
587.927 316.369
589.199 316.381
590.871 316.333
611.546 312.897
481.714 324.206
483.278 324.167
509.733 324.108
589.171 317.888
611.192 314.328
612.877 314.056
483.115 325.456
510.086 325.405
589.071 318.961
612.657 315.365
483.212 326.45
510.359 326.69
588.087 320.138
588.958 320.059
612.357 316.867
483.34 327.511
507.992 327.82
510.653 327.936
588.971 321.592
612.106 318.314
613.82 318.037
483.569 328.705
484.657 328.915
510.727 328.952
589.1 322.851
590.08 322.913
613.584 319.356
485.002 330.32
508.092 330.281
590.18 324.295
593.243 324.085
613.293 320.902
485.41 331.464
486.654 331.714
508.013 331.471
510.747 331.225
590.353 325.461
591.42 325.549
593.098 325.51
613.082 322.396
487.032 333.029
510.396 332.261
591.523 326.812
612.896 323.834
487.519 334.131
488.851 334.44
509.872 333.616
591.686 327.928
592.738 327.995
594.322 327.946
612.705 325.249
489.387 335.727
491.21 336.114
493.418 336.309
495.517 336.385
509.416 334.977
594.237 329.44
612.506 326.649
495.503 337.903
497.26 337.86
499.442 337.684
508.885 336.341
511.318 335.763
594.23 330.474
612.294 328.044
499.198 339.066
501.126 338.931
503.465 338.641
505.774 338.301
510.617 337.094
594.318 331.515
595.386 331.598
612.068 329.44
505.152 339.736
507.232 339.319
595.583 332.879
597.001 332.957
598.741 332.81
611.828 330.849
598.568 334.208
611.588 332.294
598.545 335.158
599.819 335.113
609.648 333.971
599.839 336.208
607.643 335.476
600.011 337.123
603.453 337.11
607.52 336.72
600.211 338.042
601.509 338.186
603.543 338.309
605.255 338.224
607.324 337.926
605.093 339.25
606.937 338.936
599.471 339.605
597.16 340.273
598.371 340.356
599.573 340.43
596.085 341.162
597.187 341.172
