500.642 177.027
501.57 176.726
499.158 178.474
500.92 178.003
374.528 174.575
375.646 174.826
376.729 175.061
377.794 175.278
378.851 175.484
379.906 175.68
380.962 175.871
382.02 176.06
383.08 176.249
384.145 176.438
385.213 176.629
386.285 176.823
387.36 177.021
388.44 177.224
389.524 177.433
390.611 177.647
391.703 177.869
392.799 178.098
393.9 178.336
395.005 178.584
396.115 178.842
397.23 179.112
398.351 179.396
399.478 179.695
400.612 180.011
401.753 180.346
402.903 180.704
404.063 181.089
405.235 181.506
406.422 181.964
407.625 182.471
408.847 183.047
410.06 183.685
411.178 184.312
412.186 184.871
413.117 185.366
413.994 185.812
414.832 186.221
415.637 186.597
416.416 186.945
417.176 187.27
417.918 187.576
418.647 187.864
419.363 188.135
420.07 188.393
420.767 188.638
421.458 188.871
422.141 189.092
422.819 189.304
423.491 189.506
424.159 189.699
424.822 189.883
425.482 190.059
426.138 190.228
426.792 190.389
427.442 190.542
428.091 190.689
428.736 190.829
429.38 190.962
430.022 191.088
430.663 191.209
431.302 191.323
431.939 191.431
432.576 191.532
433.211 191.628
433.846 191.719
434.481 191.803
435.114 191.882
435.748 191.955
436.381 192.022
437.014 192.084
437.648 192.141
438.282 192.192
438.916 192.237
439.551 192.278
440.186 192.313
440.823 192.343
441.46 192.368
442.099 192.389
442.739 192.404
443.38 192.415
444.023 192.421
444.667 192.423
445.313 192.42
445.96 192.413
446.61 192.401
447.261 192.386
447.914 192.366
448.57 192.343
449.227 192.316
449.886 192.285
450.547 192.25
451.21 192.213
451.875 192.172
452.542 192.128
453.21 192.081
453.881 192.031
454.553 191.978
455.226 191.923
455.902 191.866
456.578 191.806
457.255 191.745
457.933 191.682
458.612 191.618
459.29 191.554
459.966 191.489
460.641 191.422
461.314 191.35
461.987 191.274
462.66 191.193
463.334 191.108
464.007 191.02
464.68 190.928
465.354 190.832
466.027 190.733
466.7 190.631
467.373 190.524
468.046 190.414
468.718 190.301
469.39 190.183
470.061 190.062
470.732 189.936
471.403 189.805
472.073 189.67
472.743 189.53
473.412 189.385
474.082 189.234
474.752 189.077
475.422 188.914
476.093 188.743
476.765 188.565
477.438 188.377
478.114 188.181
478.793 187.974
479.477 187.756
480.165 187.526
480.86 187.281
481.564 187.018
482.279 186.736
483.011 186.431
483.763 186.097
484.544 185.727
485.365 185.311
486.245 184.836
487.208 184.299
488.244 183.741
489.296 183.22
490.342 182.741
491.381 182.293
492.416 181.87
493.447 181.466
494.475 181.076
495.5 180.699
496.527 180.33
497.557 179.967
498.614 179.597
500.403 178.944
373.675 175.23
374.897 175.507
409.774 184.245
415.142 187.402
459.133 192.799
485.06 186.44
499.87 179.85
372.759 175.889
375.185 176.301
410.513 185.076
415.608 187.976
459.093 193.174
484.449 187.123
499.387 180.678
500.188 180.426
501.362 180.076
502.544 179.721
503.669 179.373
504.779 179.015
509.331 177.556
371.83 176.543
373.061 176.77
375.415 177.126
411.162 185.772
415.89 188.308
459.076 193.366
484.029 187.56
504.227 180.043
505.292 179.679
506.518 179.264
507.708 178.908
508.817 178.617
509.773 178.325
510.922 177.916
362.63 176.073
372.071 177.377
373.312 177.555
374.361 177.714
411.753 186.414
416.216 188.679
459.058 193.569
483.606 188.022
510.34 178.912
511.44 178.539
512.701 178.099
515.19 177.3
361.712 176.741
362.942 176.97
364.013 177.147
365.158 177.294
374.586 178.455
375.877 178.635
376.958 178.764
412.285 187.005
416.535 189.04
459.041 193.752
483.24 188.441
512.165 179.005
513.354 178.64
514.663 178.253
515.765 177.921
517.048 177.498
523.614 175.629
542.401 171.838
360.662 177.334
362.018 177.55
365.413 178.16
366.519 178.309
367.713 178.456
368.904 178.618
370.082 178.775
371.259 178.923
372.438 179.058
373.609 179.176
374.78 179.286
375.982 179.37
377.079 179.445
412.775 187.566
416.872 189.423
459.021 193.941
482.905 188.864
483.451 188.641
516.49 178.384
517.725 178.003
519.137 177.567
520.512 177.182
521.861 176.828
523.17 176.517
524.305 176.222
525.669 175.839
527.038 175.488
528.383 175.163
529.721 174.843
539.499 172.962
540.868 172.774
542.227 172.603
362.238 178.243
377.171 180.252
413.227 188.099
417.2 189.804
417.764 190.051
459.001 194.124
483.117 189.104
529.281 175.644
530.585 175.325
536.485 174.138
537.896 173.92
539.286 173.72
540.692 173.539
362.392 178.97
363.762 179.135
376.076 180.818
377.183 180.867
413.648 188.613
418.06 190.416
418.6 190.64
458.979 194.31
482.923 189.429
483.575 189.18
526.293 176.743
527.704 176.41
529.034 176.136
530.272 175.923
534.8 175.11
536.233 174.883
537.688 174.672
363.918 179.813
376.14 181.435
377.229 181.526
414.042 189.109
418.869 190.986
458.955 194.493
483.263 189.59
523.3 177.846
524.641 177.498
364.036 180.531
365.407 180.672
377.361 182.194
414.411 189.591
419.137 191.34
458.93 194.679
483.081 189.882
521.602 178.679
544.348 175.378
545.724 175.251
547.086 175.143
666.542 182.705
365.547 181.346
376.391 182.691
377.482 182.787
414.757 190.061
419.396 191.694
419.902 191.874
420.408 192.054
458.903 194.862
482.867 190.186
519.991 179.506
541.418 176.401
542.821 176.253
545.618 175.997
547.002 175.898
666.144 183.965
666.797 184.368
669.184 184.247
669.795 184.193
670.419 183.992
365.662 182.063
415.081 190.52
420.632 192.381
421.144 192.555
458.874 195.048
482.633 190.521
517.235 180.623
518.47 180.3
538.407 177.445
539.839 177.281
542.698 176.994
544.102 176.893
665.745 184.966
667.011 185.876
667.295 185.818
667.874 185.805
668.509 185.803
670.03 185.653
670.65 185.154
365.786 182.768
415.384 190.97
421.352 192.874
421.859 193.037
458.844 195.231
482.409 190.856
515.644 181.458
536.794 178.337
541.139 177.885
665.246 185.73
670.217 186.282
365.888 183.453
367.329 183.545
415.665 191.41
422.054 193.351
422.56 193.505
458.811 195.418
482.194 191.199
512.967 182.616
514.141 182.284
519.394 181.308
520.803 181.125
532.316 179.573
533.765 179.394
535.201 179.227
541.044 178.669
542.524 178.549
543.919 178.432
545.316 178.317
546.707 178.211
665.636 186.946
670.007 186.922
367.389 184.189
368.64 184.271
415.924 191.843
422.741 193.812
423.244 193.958
458.777 195.603
481.997 191.542
511.393 183.513
512.521 183.164
513.825 182.824
515.039 182.608
516.429 182.418
517.864 182.221
520.671 181.846
529.245 180.666
530.687 180.476
539.441 179.58
540.928 179.455
546.609 178.949
548.015 178.866
563.634 178.284
564.929 178.261
566.225 178.253
665.06 187.633
669.81 187.546
368.788 184.958
416.158 192.267
423.414 194.26
423.917 194.399
424.424 194.538
458.739 195.79
481.827 191.89
482.331 191.775
509.921 184.426
520.53 182.535
521.902 182.353
523.338 182.165
524.761 181.976
526.178 181.781
527.609 181.584
547.923 179.648
549.301 179.564
554.533 179.332
557.143 179.233
558.445 179.189
559.745 179.153
561.037 179.123
562.317 179.095
566.236 179.035
664.403 188.229
669.625 188.2
368.919 185.7
416.363 192.682
424.575 194.825
458.7 195.976
482.168 192.156
509.498 185.053
524.584 182.705
525.961 182.518
549.203 180.36
550.559 180.278
551.861 180.22
553.159 180.161
554.462 180.101
555.803 180.053
566.239 179.888
567.573 179.885
568.815 179.887
570.059 179.896
571.314 179.914
572.568 179.943
664.769 189.263
669.471 188.854
367.647 186.311
369.101 186.421
370.365 186.513
371.414 186.581
372.423 186.691
416.533 193.089
424.724 195.12
458.657 196.163
482.084 192.429
509.152 185.659
525.8 183.261
527.225 183.11
528.718 182.948
530.196 182.799
572.617 180.754
664.031 189.862
669.342 189.514
370.5 187.147
371.622 187.259
372.694 187.406
373.551 187.515
374.469 187.57
375.424 187.614
416.655 193.486
424.375 195.294
458.611 196.35
481.979 192.712
482.559 192.59
508.871 186.233
530.062 183.584
531.498 183.442
533.002 183.296
534.486 183.167
535.943 183.042
572.663 181.638
576.324 181.739
663.197 190.413
669.238 190.177
369.432 187.777
375.5 188.279
401.423 190.985
402.703 191.219
403.983 191.452
405.282 191.69
406.6 191.934
407.941 192.188
409.304 192.45
410.696 192.722
412.116 193.001
413.578 193.288
415.082 193.578
416.7 193.874
418.269 194.132
424.517 195.594
425.006 195.708
458.563 196.538
459.247 196.451
459.88 196.371
460.505 196.29
461.134 196.208
461.765 196.124
462.399 196.04
463.033 195.955
463.669 195.87
464.305 195.784
464.94 195.697
465.573 195.611
466.204 195.524
466.833 195.438
467.458 195.351
468.078 195.264
468.694 195.177
469.304 195.091
469.909 195.004
470.506 194.917
471.097 194.83
471.679 194.743
472.254 194.655
472.82 194.568
473.377 194.481
473.924 194.394
474.462 194.307
474.989 194.22
475.507 194.134
476.013 194.048
476.51 193.962
482.434 192.917
507.635 186.973
508.653 186.759
535.81 183.835
537.231 183.713
538.715 183.588
540.176 183.477
541.609 183.368
558.351 182.59
559.659 182.586
560.959 182.577
562.257 182.567
563.556 182.555
564.857 182.542
566.158 182.524
570.094 182.495
571.392 182.512
572.692 182.531
575.164 182.563
576.345 182.575
577.596 182.609
663.428 191.268
664.662 191.47
669.156 190.847
368.085 188.311
369.716 188.439
375.555 188.811
395.309 190.513
396.558 190.702
397.811 190.891
399.084 191.087
400.392 191.298
418.123 194.431
419.049 194.528
425.134 195.999
458.51 196.725
476.432 194.205
476.914 194.125
477.392 194.045
477.859 193.966
478.316 193.89
478.763 193.815
479.202 193.74
479.633 193.666
480.059 193.591
480.481 193.515
480.907 193.434
481.344 193.346
481.824 193.25
482.379 193.138
506.261 187.786
541.467 184.175
542.858 184.063
551.574 183.559
554.309 183.498
557.015 183.461
566.121 183.403
567.416 183.378
568.765 183.36
575.18 183.42
576.366 183.444
577.645 183.476
664.639 192.12
669.104 191.52
369.868 188.96
375.636 189.332
376.512 189.381
382.246 189.706
383.385 189.798
384.522 189.886
385.672 189.973
388.068 190.173
389.281 190.296
390.496 190.424
391.728 190.56
392.98 190.706
394.265 190.869
419.017 194.858
419.787 194.965
424.778 196.191
426.711 196.597
458.452 196.912
481.67 193.508
504.914 188.642
542.735 184.804
544.161 184.72
550.123 184.41
551.554 184.387
552.906 184.368
554.287 184.345
555.624 184.323
567.382 184.193
568.746 184.189
570.114 184.181
571.423 184.182
663.642 193.067
669.1 192.203
669.516 192.232
369.918 189.558
376.652 189.933
377.695 189.998
378.858 190.05
380.027 190.11
381.21 190.18
385.781 190.519
386.946 190.595
419.892 195.36
424.897 196.487
425.374 196.584
425.849 196.679
426.33 196.775
426.818 196.873
458.383 197.1
481.059 193.941
481.475 193.83
503.663 189.508
504.508 189.29
544.069 185.442
550.094 185.197
566.063 184.975
571.43 184.953
572.755 184.983
574.02 185.025
662.757 193.94
669.599 193
670.386 192.987
370.014 190.171
419.986 195.833
426.923 197.151
458.304 197.288
481.34 194.285
481.999 194.177
504.167 190.04
505.186 189.855
544.054 186.113
545.436 186.081
548.556 185.994
552.866 185.912
566.037 185.76
574.058 185.834
575.338 185.883
576.573 185.944
577.808 186.005
661.885 194.812
670.325 193.609
368.442 190.727
370.163 190.762
419.129 196.074
427.025 197.432
427.521 197.524
458.212 197.48
481.856 194.545
504.916 190.506
545.439 186.781
546.935 186.761
551.458 186.672
552.838 186.647
564.736 186.545
577.884 186.832
659.271 195.518
660.119 195.686
660.991 195.76
670.416 194.019
370.22 191.265
419.356 196.491
427.613 197.799
428.107 197.886
458.107 197.673
481.827 194.791
503.814 191.195
545.481 187.439
546.91 187.437
550.001 187.408
562.15 187.317
563.449 187.325
577.96 187.732
579.232 187.799
658.614 196.448
660.18 196.815
670.547 194.447
671.202 194.567
672.592 194.721
368.538 191.865
418.409 196.637
428.195 198.159
435.975 199.275
436.491 199.331
436.998 199.378
437.503 199.416
438.008 199.447
438.516 199.472
439.027 199.491
439.542 199.503
440.06 199.51
440.583 199.512
441.11 199.509
441.643 199.501
442.18 199.488
442.723 199.471
443.271 199.449
443.824 199.423
444.383 199.393
444.947 199.358
445.516 199.32
446.09 199.278
446.669 199.233
447.254 199.183
447.843 199.131
448.436 199.075
449.035 199.016
449.639 198.954
450.247 198.889
450.86 198.82
451.477 198.749
452.1 198.675
452.727 198.598
453.36 198.518
453.999 198.435
454.644 198.349
455.295 198.26
455.953 198.169
456.619 198.073
457.294 197.975
457.982 197.871
481.783 195.046
503.615 191.797
545.523 188.091
548.514 188.116
549.981 188.109
559.498 188.071
560.828 188.072
562.15 188.084
563.478 188.115
579.298 188.689
634.326 190.097
635.814 190.209
637.324 190.382
638.833 190.605
640.347 190.873
641.87 191.186
643.409 191.553
644.973 191.988
646.568 192.511
648.206 193.166
649.813 193.964
651.183 194.751
652.294 195.409
653.242 195.935
654.082 196.354
654.86 196.686
655.604 196.947
656.337 197.147
657.086 197.292
657.891 197.405
660.116 197.354
672.641 195.366
673.797 195.456
368.567 192.412
418.695 197.031
428.277 198.433
428.775 198.513
429.27 198.593
435.526 199.455
457.84 198.069
481.74 195.321
503.462 192.405
544.151 188.729
547.019 188.76
548.517 188.785
549.974 188.791
558.148 188.831
560.836 188.835
562.198 188.881
563.527 188.936
578.08 189.54
579.363 189.604
631.493 190.729
632.879 190.759
648.968 194.141
657.865 198.412
659.965 197.73
673.699 195.91
368.544 192.947
417.718 197.144
429.348 198.858
434.507 199.566
435.051 199.628
435.606 199.69
457.708 198.242
481.709 195.603
503.369 193.01
504.214 192.95
542.762 189.368
545.628 189.395
548.537 189.463
558.141 189.596
579.419 190.485
630.058 191.508
649.93 195.365
657.748 198.775
659.76 198.115
671.94 195.745
672.85 195.96
368.468 193.482
416.618 197.208
429.424 199.128
429.925 199.202
430.923 199.347
431.43 199.418
431.941 199.487
432.458 199.555
432.978 199.621
433.504 199.684
434.033 199.746
435.117 199.863
435.677 199.92
457.581 198.412
481.693 195.89
504.205 193.594
505.301 193.523
506.598 193.362
542.803 190.006
544.228 190.029
547.161 190.101
556.844 190.341
579.463 191.393
628.705 192.344
650.682 196.432
657.648 198.989
659.567 198.467
666.976 195.577
669.32 195.521
670.614 195.736
671.282 195.881
368.354 194.02
416.869 197.535
429.995 199.468
430.493 199.537
435.737 200.152
457.456 198.583
481.691 196.181
506.419 194.052
507.584 193.895
508.919 193.671
547.204 190.755
556.884 191.113
579.516 192.309
626.163 193.215
627.411 193.187
651.219 197.348
656.62 199.288
657.093 199.27
657.58 199.222
659.398 198.816
666.148 196.195
666.763 195.96
668.269 195.843
668.749 195.868
669.285 195.875
670.132 195.996
368.203 194.562
417.004 197.832
418.487 198.063
419.315 198.184
435.787 200.387
457.332 198.754
481.702 196.474
508.616 194.362
509.833 194.155
547.272 191.408
556.953 191.887
578.31 193.161
624.845 194.14
651.607 198.185
656.209 199.534
659.258 199.161
665.946 196.667
666.58 196.553
667.653 196.429
668.21 196.328
668.876 196.38
368.019 195.111
419.383 198.431
435.83 200.622
457.205 198.926
481.728 196.77
509.536 194.748
510.806 194.557
512.285 194.283
547.367 192.06
555.737 192.589
577.098 193.995
581.949 194.154
583.12 194.194
623.661 195.142
651.871 198.969
656.223 199.87
659.136 199.521
665.313 197.266
665.82 197.132
666.677 197.156
367.804 195.667
418.418 198.652
435.866 200.859
457.073 199.099
481.77 197.07
511.849 194.944
513.202 194.684
546.062 192.631
555.858 193.37
575.883 194.831
577.161 194.898
579.615 194.969
580.789 194.986
583.177 195.053
623.647 196.156
652.028 199.725
656.245 200.241
659.021 199.898
664.124 197.93
664.757 197.761
665.258 197.724
367.574 196.24
418.535 199.001
435.897 201.097
456.935 199.274
481.827 197.371
512.752 195.251
546.199 193.273
556.016 194.162
574.675 195.653
578.43 195.827
583.246 195.979
584.477 196.054
623.738 197.186
624.806 197.311
652.081 200.47
656.247 200.637
658.91 200.3
662.079 198.991
662.799 198.699
663.407 198.511
365.558 197.078
418.652 199.336
435.921 201.337
456.787 199.45
481.9 197.677
512.495 195.706
546.365 193.913
556.206 194.963
574.747 196.545
576.042 196.608
577.24 196.655
584.543 196.976
625.048 198.415
652.01 201.228
654.27 201.125
655.984 201.075
658.805 200.72
659.272 200.582
661.167 199.753
365.343 197.637
418.749 199.672
435.941 201.578
456.626 199.629
481.989 197.986
482.499 198.01
483.686 198.048
484.978 198.063
486.179 198.055
487.339 198.031
488.454 197.996
489.541 197.951
490.602 197.899
491.642 197.842
492.662 197.781
493.668 197.718
494.659 197.652
495.639 197.585
496.608 197.518
497.569 197.451
498.523 197.385
499.472 197.319
500.417 197.254
501.362 197.189
502.308 197.124
503.259 197.059
504.215 196.991
505.18 196.918
506.154 196.841
507.14 196.757
508.136 196.665
509.147 196.562
510.167 196.449
511.208 196.32
512.235 196.179
545.074 194.422
556.426 195.777
584.602 197.929
622.953 198.938
624.135 199.103
625.333 199.343
653.91 201.783
655.718 201.641
659.15 201.031
660.415 200.548
365.071 198.208
418.832 200.008
435.956 201.823
456.446 199.813
482.096 198.302
511.984 196.677
513.077 196.531
545.282 195.042
556.675 196.605
584.67 198.883
607.335 199.185
608.565 199.08
609.832 199.024
611.098 199.01
612.356 199.024
613.604 199.06
614.84 199.115
616.064 199.185
617.275 199.268
618.473 199.366
619.655 199.477
620.82 199.604
621.947 199.735
653.527 202.799
655.618 202.244
658.622 201.619
659.046 201.505
660.259 201.118
362.922 199.183
418.903 200.347
435.968 202.069
456.241 200.004
482.226 198.625
512.804 197.068
545.532 195.665
556.955 197.453
558.195 197.653
584.737 199.834
606.075 200.255
651.617 203.964
655.456 202.887
658.962 201.978
659.757 201.743
362.607 199.77
418.961 200.69
435.975 202.319
455.998 200.208
456.668 200.062
457.502 199.894
458.367 199.743
459.212 199.611
460.038 199.493
460.844 199.386
461.633 199.288
462.405 199.198
463.161 199.115
463.902 199.039
464.628 198.967
465.341 198.901
466.041 198.839
466.729 198.782
467.404 198.729
468.068 198.679
468.72 198.633
469.362 198.591
469.993 198.551
470.615 198.515
471.227 198.482
471.829 198.452
472.423 198.426
473.009 198.402
473.587 198.382
474.157 198.365
474.721 198.353
475.279 198.344
475.832 198.34
476.382 198.343
476.93 198.353
477.483 198.377
482.382 198.958
511.488 197.714
545.822 196.281
558.493 198.547
584.8 200.786
586.003 200.845
605.972 201.303
651.602 204.862
655.296 203.413
658.893 202.492
659.283 202.387
362.211 200.381
419.006 201.038
435.98 202.572
455.716 200.441
477.552 198.624
478.139 198.671
478.6 198.725
479.465 198.803
479.921 198.831
480.401 198.878
480.881 198.947
482.546 199.28
511.202 198.281
512.158 198.15
546.157 196.9
558.802 199.434
586.052 201.796
605.96 202.384
606.962 202.417
651.458 205.765
655.15 203.917
658.42 203.061
658.859 202.995
359.849 201.588
361.792 201
419.035 201.391
435.982 202.828
455.442 200.711
478.671 199.042
479.143 199.072
481.008 199.244
481.533 199.352
481.945 199.459
482.328 199.547
482.723 199.627
511.853 198.793
513.049 198.606
546.535 197.508
559.116 200.345
584.93 202.716
607.074 203.563
651.173 206.755
653.004 205.95
653.781 205.354
654.225 204.942
654.691 204.551
655.055 204.297
655.418 204.142
655.866 204.006
656.32 203.893
656.761 203.807
657.195 203.748
657.618 203.716
657.995 203.699
658.912 203.738
659.475 204.102
660.228 204.667
361.275 201.585
419.046 201.751
435.982 203.087
455.244 200.984
482.557 199.967
483.085 200.19
512.602 199.244
513.866 198.974
515.654 198.527
517.896 198.055
520.27 197.66
522.669 197.347
525.067 197.112
527.466 196.962
546.976 198.128
559.442 201.29
583.816 203.613
585.005 203.692
605.067 204.35
606.136 204.413
650.798 207.89
659.814 205.784
660.54 206.173
360.481 202.368
419.036 202.12
435.982 203.35
455.118 201.248
483.397 200.732
513.22 199.681
514.601 199.302
527.346 197.473
529.941 197.404
531.839 197.418
533.703 197.428
535.662 197.463
537.615 197.536
539.575 197.652
541.527 197.814
543.486 198.032
545.454 198.323
547.445 198.716
559.779 202.267
582.708 204.48
604.05 205.321
650.441 209.194
659.355 207.182
359.636 203.219
419 202.5
435.981 203.616
455.041 201.506
483.627 201.348
484.204 201.456
513.767 200.401
515.542 200.091
548.011 199.453
560.12 203.274
582.815 205.429
602.073 206.272
603.097 206.31
650.185 210.6
659.504 208.846
660.236 209.002
358.707 204.154
360.672 203.21
418.932 202.897
435.982 203.886
455.006 201.759
484.407 202.074
514.894 201.069
517.068 200.788
548.81 200.836
551.229 201.383
559.429 204.066
581.688 206.27
600.097 207.174
601.123 207.234
602.124 207.288
648.733 212.129
660.337 210.455
359.47 204.24
361.231 203.293
362.845 202.523
364.53 201.827
366.187 201.233
367.819 200.724
369.43 200.285
371.026 199.905
372.611 199.577
374.194 199.294
375.777 199.053
377.367 198.85
378.967 198.681
380.582 198.546
382.216 198.443
383.873 198.373
385.557 198.336
387.275 198.334
389.031 198.367
390.832 198.44
392.687 198.557
394.603 198.727
396.602 198.959
398.696 199.272
400.937 199.703
403.195 200.269
404.916 200.802
406.227 201.235
407.339 201.589
408.336 201.886
409.27 202.142
410.164 202.366
411.032 202.564
411.884 202.739
412.728 202.894
413.569 203.029
414.41 203.144
415.257 203.239
416.111 203.311
416.983 203.355
417.873 203.365
418.825 203.323
419.779 203.21
420.334 203.113
420.808 203.037
421.31 202.983
421.81 202.946
422.321 202.926
422.834 202.917
423.353 202.921
423.877 202.934
424.407 202.956
424.939 202.988
425.477 203.028
426.02 203.078
426.568 203.137
427.121 203.208
427.677 203.293
428.235 203.395
428.776 203.515
429.26 203.63
429.711 203.727
430.151 203.808
430.585 203.877
431.018 203.937
431.451 203.988
431.884 204.032
432.32 204.069
432.758 204.1
433.201 204.124
433.647 204.142
434.1 204.153
434.559 204.159
435.027 204.16
435.501 204.157
435.985 204.153
455.003 202.008
484.564 202.63
485.193 202.699
516.452 201.575
551.668 202.577
558.823 204.908
580.539 207.088
597.01 207.909
598.118 207.989
599.168 208.099
602.336 208.562
603.503 208.874
604.721 209.199
605.971 209.531
607.236 209.838
608.507 210.122
609.787 210.384
611.073 210.623
612.363 210.842
613.654 211.043
614.946 211.228
616.236 211.401
617.527 211.566
618.819 211.725
620.113 211.88
621.41 212.034
622.712 212.186
624.019 212.338
625.333 212.489
626.653 212.638
627.981 212.786
629.315 212.929
630.656 213.067
632.001 213.198
633.35 213.318
634.701 213.422
648.697 213.429
650.03 213.371
650.931 213.322
651.684 213.218
652.399 213.079
653.087 212.932
653.762 212.786
654.427 212.653
655.083 212.546
655.731 212.474
656.369 212.449
656.984 212.46
657.564 212.423
660.389 211.891
661.199 211.918
357.916 205.7
401.768 200.22
428.352 203.709
435.988 204.44
455.029 202.254
485.298 203.27
516.415 202.008
551.963 204.006
554.106 204.365
559.248 206.085
560.189 206.355
561.208 206.636
562.236 206.897
563.26 207.122
564.282 207.309
565.304 207.459
566.327 207.572
567.357 207.649
568.398 207.69
569.466 207.697
579.342 207.897
593.788 208.703
594.907 208.732
595.998 208.801
597.057 208.867
634.805 214.782
636.133 214.859
648.679 214.697
656.36 214.054
657.508 214.256
658.005 213.988
661.251 213.235
663.683 213.474
356.451 207.395
357.659 206.747
403.204 201.411
428.524 204.285
435.976 204.829
455.081 202.5
485.396 203.804
514.952 202.458
554.409 205.672
555.942 205.959
556.959 206.378
557.866 206.736
558.768 207.035
569.472 208.778
570.543 208.697
571.735 208.62
572.983 208.589
574.248 208.593
575.524 208.62
576.808 208.662
578.101 208.714
579.412 208.776
580.737 208.846
581.985 208.926
592.743 209.677
597.28 210.139
636.22 216.186
648.649 215.911
656.381 214.986
657.885 215.147
660.399 214.556
661.28 214.539
662.151 214.566
662.965 214.629
663.778 214.707
356.295 208.69
404.164 202.579
428.663 204.905
435.938 205.241
455.157 202.743
485.475 204.353
486.078 204.39
513.687 202.917
515.023 202.955
554.669 207.237
569.453 209.898
582.066 209.83
583.366 209.95
584.48 210.093
588.649 210.459
589.724 210.498
590.799 210.576
591.821 210.666
597.658 211.76
636.333 217.492
637.63 217.597
648.566 217.098
656.391 215.752
657.89 215.837
658.404 215.827
659.426 215.784
660.412 215.781
662.205 215.817
355.535 210.056
404.757 203.614
428.767 205.506
435.88 205.661
455.257 202.988
486.146 204.972
486.85 204.982
511.056 203.615
512.257 203.46
555.002 208.798
569.456 211.137
584.579 211.135
585.736 211.239
586.737 211.368
587.702 211.444
598.011 213.412
637.76 218.95
639.057 219.077
640.332 219.158
648.417 218.294
654.798 216.709
655.562 216.576
656.357 216.477
657.113 216.392
657.575 216.352
657.955 216.425
659.465 216.831
661.349 216.992
354.835 211.391
405.15 204.596
428.852 206.106
435.806 206.098
455.38 203.229
486.842 205.524
509.67 204.567
555.332 210.308
569.511 212.447
598.338 215.055
639.215 220.474
640.438 220.646
641.498 220.666
642.707 220.551
648.196 219.517
651.056 218.55
651.778 218.284
652.502 218.062
653.24 217.874
653.967 217.713
659.598 217.897
660.503 218.085
354.183 212.754
405.401 205.536
428.922 206.703
435.718 206.555
455.534 203.481
486.253 206.049
486.841 206.032
509.421 205.482
555.645 211.803
569.607 213.791
598.656 216.705
638.134 221.603
642.602 221.993
643.741 221.828
645.053 221.554
647.899 220.794
649.325 220.255
650.13 219.881
653.122 218.774
653.89 218.614
654.647 218.562
655.47 218.554
353.614 214.033
405.547 206.453
428.98 207.301
435.614 207.04
436.051 206.853
436.358 206.704
436.647 206.574
436.949 206.453
437.256 206.339
437.569 206.225
437.889 206.107
438.218 205.982
438.559 205.844
438.917 205.687
439.304 205.504
439.767 205.284
440.356 205.05
440.977 204.857
441.593 204.7
442.209 204.566
442.823 204.45
443.435 204.345
444.047 204.25
444.657 204.162
445.266 204.081
445.874 204.005
446.48 203.934
447.084 203.867
447.686 203.805
448.285 203.747
448.88 203.694
449.473 203.645
450.062 203.602
450.646 203.564
451.226 203.533
451.801 203.51
452.371 203.495
452.937 203.491
453.497 203.499
454.055 203.523
454.606 203.564
455.164 203.627
455.703 203.717
456.319 203.837
457.298 203.994
458.255 204.098
459.159 204.162
460.047 204.208
460.92 204.245
461.787 204.277
462.646 204.311
463.501 204.349
464.351 204.398
465.196 204.462
466.033 204.55
486.84 206.627
509.414 206.401
555.938 213.28
569.73 215.16
598.963 218.362
636.974 222.656
644.817 222.913
646.074 222.602
647.545 222.114
648.874 221.506
649.808 220.965
650.586 220.658
651.413 220.442
652.196 220.253
653.814 219.924
654.627 219.901
655.451 219.903
352.032 215.789
405.608 207.349
429.03 207.9
439.093 205.909
466.194 204.991
486.846 207.195
509.538 207.209
556.215 214.751
569.87 216.547
599.263 220.031
637.126 223.848
644.672 223.924
645.82 223.735
651.244 221.821
652.049 221.734
652.842 221.751
351.414 217.251
405.598 208.232
429.074 208.5
438.805 206.666
466.393 205.628
486.83 207.796
487.382 207.697
488.226 207.567
489.171 207.463
490.134 207.387
491.111 207.332
492.087 207.294
493.062 207.271
494.032 207.258
494.996 207.256
495.95 207.262
496.894 207.276
497.825 207.298
498.742 207.326
499.644 207.36
500.531 207.398
501.4 207.441
502.251 207.487
503.083 207.536
503.895 207.586
504.688 207.637
505.461 207.69
506.212 207.745
506.949 207.815
508.878 207.913
556.478 216.217
570.023 217.95
599.559 221.719
637.224 225.015
643.509 225.035
644.544 224.906
645.704 224.76
646.837 224.609
648.006 224.377
649.084 224.102
650.096 223.871
349.996 219.152
405.525 209.105
429.112 209.103
438.578 207.516
466.54 206.28
486.831 208.504
487.304 208.384
507.093 208.636
507.851 208.775
508.405 208.888
556.727 217.681
570.184 219.366
599.857 223.436
637.271 226.185
642.481 226.192
643.424 226.131
349.465 220.856
405.396 209.971
429.145 209.707
438.412 208.353
466.638 206.911
487.376 209.47
508.126 210.095
508.733 210.144
556.965 219.144
570.351 220.793
600.164 225.192
637.269 227.365
638.64 227.324
643.418 227.378
349.089 222.584
349.817 222.583
351.17 222.416
405.213 210.831
429.175 210.315
438.283 209.191
466.698 207.535
487.591 210.348
488.118 210.434
508.501 211.838
557.192 220.61
570.523 222.23
600.513 227.049
638.542 228.463
639.674 228.379
643.45 228.418
350.715 224.487
351.997 224.059
404.978 211.689
429.202 210.924
438.18 210.023
466.724 208.154
467.652 208.151
468.275 208.149
468.848 208.155
469.443 208.174
470.044 208.201
470.656 208.236
471.273 208.277
471.895 208.324
472.519 208.376
473.146 208.433
473.773 208.494
474.4 208.559
475.026 208.63
475.65 208.705
476.271 208.784
476.889 208.867
477.502 208.954
478.111 209.044
478.715 209.138
479.314 209.234
479.907 209.334
480.495 209.435
481.076 209.539
481.651 209.645
482.219 209.752
482.78 209.86
483.332 209.968
483.876 210.078
484.411 210.188
484.936 210.299
485.45 210.414
485.953 210.533
486.444 210.662
486.924 210.81
487.401 210.987
487.879 211.213
488.419 211.496
489.175 211.638
509.063 213.797
509.874 214.028
557.409 222.076
570.699 223.674
599.821 228.5
600.96 229.021
638.399 229.784
639.59 229.638
643.426 229.435
351.465 225.701
404.689 212.547
429.226 211.537
438.097 210.856
466.72 208.779
489.422 212.662
490.24 212.786
491.229 212.738
510.736 216.23
557.617 223.547
570.878 225.127
600.246 230.227
601.336 230.644
634.658 231.298
635.825 231.312
637.043 231.241
643.362 230.474
351.245 226.895
352.35 226.642
404.34 213.408
429.249 212.153
438.031 211.688
466.699 209.416
491.321 213.876
511.512 217.948
512.615 218.38
557.816 225.022
571.064 226.587
600.678 231.994
601.662 232.382
602.095 232.522
602.902 232.689
603.787 232.76
604.652 232.756
605.545 232.693
606.464 232.57
607.457 232.394
608.545 232.232
609.686 232.136
610.838 232.094
611.993 232.08
613.145 232.075
614.307 232.075
615.467 232.078
616.615 232.048
617.819 231.986
619.072 231.935
620.36 231.907
621.673 231.906
622.996 231.93
624.32 231.973
625.645 232.029
626.968 232.095
628.291 232.168
629.612 232.247
630.931 232.334
632.24 232.434
633.533 232.554
634.746 232.687
643.276 231.506
352.016 228.075
403.925 214.278
429.269 212.771
437.976 212.521
466.673 210.057
490.707 214.521
513.457 220.264
514.912 220.761
558.012 226.51
571.256 228.055
599.964 233.235
606.214 234.206
611.967 233.467
613.089 233.469
614.243 233.44
615.427 233.435
616.456 233.391
617.676 233.28
631.038 233.55
632.375 233.66
633.673 233.786
634.688 233.741
642.167 232.641
351.843 229.175
403.429 215.164
429.287 213.392
437.932 213.354
466.643 210.693
490.988 215.371
491.582 215.534
515.555 222.463
517.071 222.877
558.207 228.01
571.46 229.531
599.18 234.333
606.01 234.934
609.51 234.445
610.739 234.418
615.334 234.162
617.554 234.127
629.781 234.341
631.124 234.429
632.483 234.522
633.773 234.6
634.488 234.596
642.055 233.645
350.725 230.575
351.57 230.373
402.827 216.079
429.303 214.017
437.896 214.192
466.606 211.324
491.999 216.65
517.584 224.458
519.152 224.817
558.435 229.553
571.686 231.017
596.992 234.957
598.323 235.419
605.876 235.44
606.639 235.388
608.05 235.292
613.828 234.723
615.037 234.544
616.533 234.491
617.563 234.58
618.531 234.618
620.115 234.652
629.843 235.149
632.561 235.287
634.482 235.468
635.301 235.422
636.445 235.26
640.896 234.741
351.326 232.097
402.07 217.051
429.318 214.644
437.868 215.032
466.56 211.948
492.407 217.548
493.105 217.805
494.218 218.062
519.538 226.299
556.506 230.759
571.951 232.512
572.796 232.775
573.927 233.035
596.157 235.981
612.504 235.294
616.536 235.011
617.732 235.055
620.162 235.333
628.547 235.895
629.9 235.966
632.618 236.067
634.565 236.18
636.315 236.122
637.469 236.023
639.705 235.803
351.247 233.453
401.071 218.131
405.352 216.45
429.332 215.275
437.846 215.876
466.506 212.564
494.49 219.161
520.05 227.549
523.526 228.366
556.735 232.166
559.03 232.365
572.264 233.961
574.187 234.712
575.165 234.77
593.631 236.453
595.192 236.899
611.223 235.809
612.251 235.699
620.327 236.067
621.811 236.227
623.22 236.357
624.592 236.477
628.598 236.706
629.94 236.765
632.629 236.827
633.951 236.847
634.649 236.879
635.222 236.96
637.358 236.922
638.481 236.828
351.188 234.83
352.055 234.859
403.895 217.578
406.789 216.311
429.343 215.91
437.831 216.724
466.442 213.171
494.695 219.884
520.63 228.882
521.936 229.381
523.984 230.021
525.648 230.293
558.995 233.61
572.575 235.267
575.29 236.078
576.398 236.186
577.71 236.194
592.446 237.263
609.802 236.334
623.344 237.157
624.726 237.3
627.283 237.449
629.948 237.568
633.91 237.561
635.388 237.844
636.181 237.915
352.039 236.511
353.29 236.442
405.438 217.527
407.808 216.46
429.354 216.548
437.821 217.577
466.367 213.77
494.938 220.596
525.756 231.69
558.969 235.248
570.957 236.008
571.884 236.232
577.799 237.544
579.019 237.583
580.447 237.597
581.87 237.664
583.268 237.742
584.672 237.813
586.088 237.866
592.823 238.294
608.547 236.829
623.448 237.959
627.34 238.241
628.691 238.322
629.941 238.367
633.854 238.411
636.191 238.719
353.112 237.978
354.462 237.773
406.578 217.727
408.707 216.743
429.362 217.19
437.817 218.434
466.281 214.359
495.252 221.403
525.942 232.722
557.136 236.69
570.216 237.022
586.109 239.115
587.506 239.094
589.214 239.08
593.057 239.22
605.675 237.412
607.527 237.312
622.184 238.673
623.536 238.794
627.417 239.065
629.953 239.199
633.837 239.24
636.268 239.351
354.19 239.259
355.609 238.96
407.509 218.08
409.493 217.112
410.538 216.789
429.368 217.837
437.819 219.299
466.183 214.941
495.602 222.243
524.876 233.551
557.39 238.25
569.392 238.027
589.259 240.054
591.039 240.075
604.488 237.955
605.445 237.778
606.734 237.702
607.544 237.757
620.947 239.377
622.303 239.51
623.612 239.62
624.895 239.719
627.482 239.908
628.769 239.979
629.974 240.03
633.782 240.047
635.028 239.968
635.751 239.918
636.344 239.946
355.25 240.409
410.06 217.616
411.601 217.131
429.371 218.488
437.826 220.169
466.072 215.512
495.987 223.117
525.28 234.875
555.592 239.535
568.49 239.05
589.415 240.629
603.402 238.63
623.693 240.446
624.999 240.568
626.265 240.676
627.539 240.765
628.802 240.834
630.012 240.897
636.448 240.625
355.19 241.524
356.306 241.388
362.344 239.487
410.935 218.326
412.569 217.684
429.37 219.143
437.84 221.047
465.946 216.075
496.401 224.011
525.873 236.359
527.04 236.809
553.667 240.658
564.609 240.268
565.534 240.213
567.488 240.104
587.943 241.021
589.724 241.077
603.14 239.162
625.093 241.414
626.359 241.524
627.606 241.63
628.842 241.712
630.066 241.781
631.219 241.834
632.404 241.859
636.589 241.754
356.17 242.79
357.616 242.543
359.624 241.885
361.676 241.222
411.819 218.966
413.434 218.271
429.366 219.805
437.861 221.932
465.805 216.628
496.842 224.926
527.859 238.546
529.48 239.136
531.413 239.561
553.971 242.008
556.37 242.229
557.691 242.29
558.699 242.216
559.689 242.071
561.627 241.748
562.58 241.623
563.543 241.513
565.424 241.372
566.358 241.261
567.421 241.147
589.785 241.424
591.455 241.335
602.219 239.789
627.683 242.473
628.916 242.576
630.12 242.667
632.409 242.799
633.522 242.816
634.616 242.81
635.668 242.821
357.307 243.915
358.924 243.501
361.078 242.66
412.662 219.602
414.249 218.879
429.357 220.473
437.891 222.827
465.647 217.174
497.312 225.857
531.819 241.265
533.449 241.502
554.157 243.315
559.434 243.241
560.383 243.06
591.278 241.709
601.337 240.458
630.189 243.546
633.536 243.772
634.626 243.814
635.71 243.857
358.443 244.801
362.029 243.422
413.458 220.258
415.013 219.504
429.341 221.148
437.93 223.729
465.472 217.711
497.811 226.805
533.612 242.846
554.262 244.654
590.924 242.202
592.532 241.995
601.224 241.041
629.077 244.386
632.506 244.643
633.591 244.708
358.228 245.831
359.491 245.507
361.613 244.91
414.183 220.951
415.704 220.137
416.538 219.94
429.319 221.833
437.981 224.645
465.276 218.242
498.341 227.771
533.975 243.95
535.44 244.292
552.071 245.941
592.147 242.46
593.428 242.237
599.069 241.589
600.587 241.519
601.27 241.568
629.167 245.309
630.379 245.413
631.493 245.503
633.677 245.667
358.037 246.965
416.223 220.859
417.484 220.523
429.287 222.526
438.046 225.569
465.058 218.763
498.905 228.753
535.81 245.584
549.874 247.152
591.607 243.065
593.051 242.756
594.314 242.538
596.61 242.316
598.126 242.138
598.91 242.029
599.909 241.998
630.468 246.341
631.589 246.444
633.789 246.662
357.919 248.229
358.874 248.154
417.01 221.849
418.363 221.313
429.244 223.236
438.132 226.515
464.815 219.284
499.51 229.758
536.261 246.691
542.934 247.967
545.171 248.235
547.443 248.343
550.049 248.383
588.494 244.124
589.834 243.945
593.988 243.179
595.042 242.972
595.718 242.898
596.43 242.784
597.384 242.698
629.371 247.169
631.699 247.418
632.77 247.527
358.804 249.692
360.135 249.538
417.797 222.725
419.147 222.113
429.186 223.972
429.665 223.919
430.022 223.855
430.359 223.816
430.705 223.806
431.043 223.82
431.381 223.85
431.715 223.894
432.046 223.949
432.375 224.013
432.7 224.085
433.023 224.164
433.344 224.25
433.663 224.343
433.98 224.443
434.295 224.551
434.607 224.669
434.919 224.796
435.228 224.934
435.537 225.085
435.843 225.25
436.148 225.432
436.451 225.631
436.754 225.853
437.055 226.099
437.356 226.377
437.653 226.689
437.953 227.052
438.241 227.456
438.568 227.943
439.099 228.624
439.616 229.122
440.098 229.469
440.571 229.72
441.037 229.902
441.501 230.028
441.964 230.109
442.429 230.149
442.895 230.155
443.363 230.13
443.835 230.077
444.31 229.998
444.789 229.895
445.272 229.769
445.76 229.621
446.253 229.454
446.752 229.266
447.258 229.057
447.771 228.829
448.292 228.579
448.823 228.309
449.365 228.017
449.92 227.704
450.489 227.367
451.077 227.005
451.685 226.616
452.318 226.199
452.981 225.752
453.681 225.273
454.427 224.761
455.227 224.214
456.096 223.633
457.05 223.017
458.121 222.368
459.324 221.72
460.589 221.135
461.886 220.626
463.2 220.185
464.545 219.801
465.877 219.476
466.943 219.261
467.969 219.103
469.008 218.998
470.043 218.943
471.078 218.939
472.109 218.986
473.136 219.083
474.154 219.229
475.159 219.424
476.143 219.661
477.1 219.935
478.024 220.233
478.913 220.544
479.769 220.863
480.597 221.183
481.403 221.501
482.191 221.815
482.965 222.127
483.729 222.436
484.485 222.744
485.235 223.053
485.981 223.364
486.725 223.677
487.467 223.994
488.208 224.316
488.949 224.645
489.691 224.98
490.434 225.324
491.177 225.676
491.923 226.039
492.669 226.41
493.417 226.793
494.166 227.187
494.918 227.593
495.669 228.011
496.422 228.441
497.172 228.883
497.926 229.339
498.672 229.805
499.429 230.292
500.157 230.776
536.722 247.813
538.207 248.247
540.753 248.838
545.315 249.702
547.12 249.657
549.804 249.329
586.983 244.917
629.493 248.101
631.811 248.364
632.9 248.494
359.914 250.992
361.356 250.724
363.26 250.08
418.549 223.575
419.883 222.921
429.113 224.766
438.377 228.458
456.36 224.051
500.877 231.858
538.824 249.507
541.084 250.033
585.618 245.701
628.375 248.879
629.619 249.023
630.813 249.157
631.942 249.288
362.594 251.781
419.265 224.431
420.578 223.742
429.046 225.651
438.543 229.783
455.801 224.864
501.814 233.245
539.424 250.473
583.197 246.529
584.357 246.471
632.087 250.204
362.222 252.836
419.938 225.307
421.227 224.575
429.003 226.595
438.655 230.999
455.255 225.673
502.766 234.641
538.199 250.897
539.867 251.282
552.953 250.751
554.345 250.414
555.677 250.106
556.947 249.827
558.175 249.569
559.372 249.33
560.545 249.108
561.7 248.901
562.841 248.71
563.971 248.534
565.094 248.372
566.21 248.223
567.323 248.088
568.434 247.966
569.545 247.856
570.657 247.759
571.772 247.674
572.891 247.6
574.015 247.536
575.146 247.482
576.283 247.436
577.425 247.397
578.572 247.364
579.72 247.334
580.867 247.307
581.996 247.277
583.114 247.232
584.307 247.197
585.475 247.21
586.722 247.24
587.983 247.244
589.228 247.224
590.454 247.184
591.654 247.128
592.822 247.06
593.952 246.989
595.053 246.926
596.144 246.892
597.227 246.9
598.306 246.949
599.392 247.032
600.489 247.142
601.602 247.274
602.732 247.423
603.882 247.586
605.052 247.757
606.24 247.932
607.442 248.107
608.657 248.281
609.881 248.452
611.112 248.621
612.349 248.786
613.591 248.949
614.837 249.108
616.086 249.265
617.337 249.419
618.59 249.57
619.844 249.719
621.098 249.865
622.352 250.009
623.605 250.151
624.857 250.291
626.107 250.431
627.355 250.571
628.598 250.709
629.831 250.848
631.043 250.993
632.245 251.16
633.43 251.355
360.88 254.099
420.549 226.221
421.81 225.413
422.501 225.271
428.98 227.57
438.72 232.112
454.648 226.587
455.609 225.777
457.276 224.618
458.97 223.689
460.524 223.003
462.008 222.462
463.425 222.033
464.793 221.692
466.112 221.43
467.395 221.238
468.649 221.115
469.888 221.056
471.117 221.06
472.347 221.128
473.581 221.269
474.831 221.49
476.1 221.813
477.406 222.274
503.728 236.013
504.823 236.805
506.367 237.894
507.881 238.909
509.297 239.817
510.661 240.662
511.977 241.45
513.258 242.193
514.505 242.898
515.724 243.569
516.916 244.209
518.086 244.821
519.234 245.405
520.362 245.962
521.472 246.496
522.566 247.006
523.645 247.492
524.71 247.956
525.764 248.395
526.806 248.811
527.841 249.202
528.868 249.565
529.892 249.899
530.916 250.199
531.952 250.462
533.017 250.684
536.909 251.401
538.482 251.727
540.061 252.002
541.807 252.176
543.432 252.247
545.03 252.265
546.617 252.227
548.189 252.124
549.726 251.95
551.151 251.724
593.873 248.036
633.623 252.382
360.757 255.389
361.654 255.347
422.244 226.344
423.283 226.088
428.971 228.576
438.754 233.185
453.945 227.697
477.871 223.141
504.702 237.344
533.156 251.808
537.001 252.235
538.547 252.43
592.69 249.295
593.834 249.285
632.613 253.474
633.867 253.694
361.662 256.963
362.938 256.898
422.894 227.645
423.997 227.168
427.813 228.949
428.215 229.162
428.969 229.601
438.766 234.229
453.186 229.092
478.614 224.797
505.582 238.516
533.199 252.529
535.558 252.889
536.989 253.081
590.327 250.542
591.508 250.544
631.563 254.657
632.789 254.82
634.008 254.917
635.094 255
362.818 258.392
364.189 258.216
423.536 228.827
424.623 228.275
427.433 229.678
428.227 230.135
428.616 230.402
438.758 235.26
452.569 230.475
479.183 226.436
506.348 239.559
532.447 253.053
533.256 253.217
534.316 253.483
535.639 253.8
536.966 254.019
586.727 251.705
587.941 251.719
589.143 251.741
630.481 255.795
631.766 255.984
632.928 256.145
634.07 256.231
635.161 256.241
363.977 259.67
365.402 259.411
424.145 230.001
425.202 229.425
427.464 230.675
438.735 236.281
452.08 231.782
479.583 227.91
507.029 240.524
536.923 254.906
585.519 252.892
634.146 257.296
365.106 260.838
424.723 231.213
425.742 230.634
427.498 231.723
438.698 237.298
451.679 233.044
479.878 229.306
507.648 241.435
535.771 255.344
583.099 254.059
584.321 254.072
634.26 258.638
635.423 258.731
365.106 261.946
366.215 261.86
425.271 232.487
426.248 231.921
427.538 232.812
438.649 238.31
451.342 234.27
480.089 230.634
508.217 242.304
509.487 243.087
535.803 255.935
579.365 255.261
580.617 255.232
581.862 255.228
634.338 260.058
635.45 260.044
366.161 263.269
367.571 263.105
425.792 233.843
426.722 233.312
427.578 233.951
427.929 234.363
438.59 239.322
451.055 235.471
480.23 231.918
509.999 243.895
534.979 256.383
578.049 256.472
630.985 261.184
632.141 261.325
633.279 261.425
367.367 264.515
368.839 264.247
426.291 235.301
427.169 234.833
427.972 235.644
438.521 240.333
450.811 236.649
480.308 233.166
510.511 244.723
534.337 256.956
576.717 257.679
577.982 257.63
590.855 258.482
592.067 258.617
593.262 258.732
629.93 262.366
368.535 265.624
426.775 236.889
427.595 236.522
428.011 236.904
438.444 241.343
450.603 237.809
480.324 234.389
511.019 245.542
534.623 257.847
575.351 258.893
585.956 259.247
587.237 259.392
588.501 259.53
589.768 259.67
593.396 260.101
594.568 260.192
595.796 260.286
597.017 260.399
598.222 260.513
599.416 260.618
630.07 263.664
631.331 263.767
633.349 263.852
368.511 266.678
427.258 238.654
438.358 242.354
450.427 238.953
480.277 235.597
511.517 246.349
535.043 258.806
535.91 259.222
537.329 259.874
538.751 260.461
540.083 260.946
541.372 261.35
542.614 261.676
543.825 261.937
545.006 262.137
546.169 262.282
547.319 262.375
548.466 262.418
549.624 262.415
550.809 262.374
552.03 262.318
553.258 262.263
554.476 262.209
555.684 262.149
556.88 262.082
558.065 262.007
559.24 261.923
560.405 261.83
561.563 261.724
562.716 261.604
563.866 261.466
565.021 261.304
566.191 261.108
567.408 260.878
568.701 260.645
570.022 260.452
571.344 260.301
572.661 260.182
573.971 260.092
575.263 260.028
576.548 259.991
577.914 259.979
579.282 260
580.656 260.046
582.037 260.116
583.415 260.214
584.788 260.35
599.554 261.987
600.719 262.073
628.91 264.861
630.166 264.947
631.316 264.927
632.408 264.891
633.336 264.897
368.538 267.814
369.582 267.828
426.568 241.42
427.775 240.684
438.265 243.365
450.279 240.084
480.156 236.803
512.006 247.144
534.701 259.33
549.521 263.577
565.89 262.357
583.534 261.409
600.859 263.329
602.072 263.471
603.334 263.599
604.575 263.739
605.797 263.88
607.006 264.017
608.204 264.145
609.393 264.259
631.283 266.129
369.658 269.192
427.286 242.81
428.136 242.279
438.165 244.377
450.157 241.202
479.947 238.025
512.493 247.934
534.269 259.778
548.389 264.355
565.637 263.416
582.18 262.476
583.648 262.565
585.053 262.651
609.536 265.639
610.69 265.724
626.72 267.444
627.858 267.553
628.994 267.591
630.129 267.565
631.272 267.51
368.848 270.183
369.795 270.289
371.259 270.492
373.036 270.605
374.689 270.471
427.733 244.631
438.059 245.391
450.06 242.309
479.625 239.302
481.628 238.716
482.746 238.348
512.981 248.719
534.673 260.609
548.357 265.056
565.433 264.458
585.087 263.663
586.473 263.752
610.825 266.996
612.015 267.122
624.524 268.526
625.707 268.706
374.506 272.313
375.9 272.076
377.567 271.707
379.157 271.371
380.659 270.979
427.072 247.6
428.089 247.069
437.946 246.404
449.986 243.404
482.429 239.357
483.623 239.011
484.49 238.912
485.371 238.847
513.485 249.514
534.186 260.993
535.076 261.423
548.364 265.806
565.277 265.519
586.548 264.847
587.911 264.938
612.169 268.372
613.377 268.523
623.511 269.687
380.171 273.073
381.472 272.624
427.603 249.656
437.828 247.419
449.935 244.49
485.354 239.791
486.462 239.767
487.306 239.867
489.799 240.193
512.633 249.482
533.67 261.37
548.405 266.569
565.171 266.584
566.203 266.534
588.003 266.051
613.547 269.765
614.765 269.934
622.419 270.78
374.55 274.146
377.382 274.287
381.093 274.213
382.483 273.911
384.142 273.367
385.712 272.833
387.237 272.226
425.957 253.097
437.705 248.433
449.906 245.565
487.326 240.967
488.312 240.952
489.041 241.034
489.818 241.017
491.044 241.174
491.991 241.428
493.809 241.938
513.157 250.261
533.182 261.776
548.472 267.355
566.147 267.655
588.043 267.209
589.481 267.286
614.95 271.171
616.176 271.357
622.571 272.034
373.363 274.97
374.546 274.99
376.151 275.062
377.369 275.097
386.419 274.467
424.245 255.813
437.577 249.45
449.9 246.634
492.154 242.484
493.154 242.647
493.941 242.804
495.133 243.102
496.094 243.447
497.916 244.084
502.662 245.692
503.823 246.057
505.068 246.536
506.357 247.088
507.701 247.709
509.117 248.409
510.644 249.223
513.711 251.063
533.568 262.61
548.558 268.157
566.129 268.654
589.528 268.385
590.887 268.466
616.378 272.592
617.609 272.801
618.867 272.958
620.114 273.086
621.378 273.19
386.008 275.758
387.159 275.4
388.911 274.749
423.928 257.8
437.445 250.466
449.917 247.693
496.328 244.54
497.317 244.775
498.096 244.981
499.255 245.328
500.165 245.679
501.026 245.972
501.907 246.248
511.093 250.04
512.895 251.052
514.316 251.931
533.975 263.463
548.661 268.978
566.094 269.662
590.971 269.578
592.321 269.681
616.641 273.763
388.36 276.6
389.809 276.084
391.556 275.282
423.568 259.686
437.308 251.483
449.957 248.749
513.415 252.26
514.862 252.881
516.01 253.498
517.131 254.114
518.426 254.898
534.388 264.311
548.774 269.812
566.066 270.697
592.43 270.801
593.778 270.923
615.703 274.647
390.846 277.235
392.33 276.574
423.175 261.608
437.168 252.5
450.021 249.796
519.02 255.863
533.932 264.683
534.806 265.169
548.887 270.65
566.06 271.742
593.913 272.05
614.743 275.532
391.733 278.138
393.282 277.539
420.979 264.453
437.024 253.519
450.112 250.844
519.957 257.729
535.277 266.089
548.185 271.4
566.083 272.802
567.123 272.838
593.997 273.215
595.434 273.335
613.759 276.41
392.742 278.995
420.584 266.168
436.877 254.538
450.231 251.886
520.631 259.533
535.759 266.984
548.317 272.324
567.181 273.946
595.529 274.441
596.887 274.568
613.97 277.513
385.884 280.344
392.594 280.036
393.821 279.751
420.014 267.946
422.237 266.092
436.727 255.559
450.38 252.936
521.085 261.184
522.589 261.483
523.305 261.569
523.87 261.664
524.541 261.867
525.25 262.133
526.021 262.454
526.824 262.806
527.664 263.191
528.529 263.597
529.423 264.028
530.336 264.479
531.274 264.956
532.23 265.46
533.208 265.996
534.205 266.57
535.214 267.187
536.224 267.842
548.471 273.279
567.256 274.941
597.028 275.689
598.377 275.845
612.969 278.431
384.666 281.373
385.786 281.241
393.614 281.047
421.404 267.924
436.574 256.579
450.562 253.986
521.427 262.864
536.833 268.945
548.637 274.251
567.308 275.946
598.558 276.981
611.985 279.352
393.627 282.063
409.747 277.333
411.325 276.696
412.909 275.919
414.556 274.972
416.296 273.821
418.145 272.401
420.141 270.595
436.418 257.602
450.783 255.053
521.74 264.642
536.535 269.905
548.806 275.239
567.374 276.982
568.443 277.045
598.701 278.155
611.008 280.278
393.699 283.093
394.861 283.069
396.855 282.883
398.82 282.546
400.636 282.131
402.397 281.655
404.121 281.125
405.838 280.538
407.579 279.911
417.097 274.731
436.261 258.626
451.045 256.127
522.06 266.478
537.231 271.59
548.977 276.243
568.535 278.125
598.84 279.297
600.323 279.46
608.869 281.005
610.037 281.215
414.851 277.192
416.588 275.868
418.271 274.353
419.796 272.73
436.102 259.654
451.361 257.244
522.377 268.315
537.754 273.119
538.873 273.597
539.616 273.911
549.146 277.262
568.638 279.096
600.455 280.55
601.83 280.723
607.943 281.929
419.147 273.822
420.428 272.43
421.317 271.451
422.135 270.542
435.942 260.682
451.729 258.374
522.68 270.146
539.222 274.984
539.994 275.212
549.312 278.294
568.709 280.067
602.035 281.851
605.831 282.6
607.013 282.844
421.643 271.694
422.511 270.797
423.176 270.15
423.839 269.51
435.781 261.715
452.183 259.606
522.96 271.958
538.609 276.23
549.475 279.34
568.777 281.06
602.218 283.015
603.673 283.237
604.936 283.486
423.468 270.608
424.203 269.944
424.785 269.476
435.622 262.747
441.42 257.923
441.996 257.275
442.588 256.786
443.168 256.423
443.743 256.16
444.309 255.986
444.871 255.888
445.429 255.858
445.987 255.893
446.543 255.989
447.103 256.147
447.665 256.367
448.236 256.649
448.811 256.994
449.402 257.408
450.002 257.893
450.631 258.472
451.275 259.134
451.984 259.939
452.69 260.823
523.204 273.754
524.593 273.891
538.989 277.751
549.626 280.386
568.841 282.039
603.899 284.36
424.427 270.647
425.097 270.064
425.642 269.65
426.201 269.219
435.463 263.785
437.702 261.92
438.148 261.467
438.588 261.108
439.007 260.828
439.404 260.595
439.785 260.384
440.142 260.185
440.485 259.976
440.789 259.702
441.156 259.199
524.779 275.609
539.322 279.244
549.124 281.383
567.841 282.991
604.126 285.523
425.919 270.314
426.548 269.85
427.059 269.521
427.586 269.17
435.307 264.815
437.109 263.485
440.911 261.941
441.392 262.012
524.963 277.507
538.589 280.449
549.287 282.549
567.92 284.042
568.957 284.142
602.859 286.414
427.343 270.266
427.934 269.886
428.417 269.621
428.917 269.327
435.151 265.859
436.919 264.796
441.232 265.438
525.154 279.384
526.483 279.474
537.798 281.618
549.472 283.762
550.077 283.894
569.127 285.268
603.118 287.506
428.696 270.449
429.251 270.129
429.705 269.905
430.173 269.628
430.66 269.333
431.149 269.044
431.64 268.763
432.128 268.489
432.615 268.221
433.098 267.96
433.578 267.701
434.055 267.439
434.526 267.172
434.999 266.884
435.461 266.575
435.839 266.324
436.187 266.139
436.518 266.034
436.804 266.048
441.23 268.129
441.678 268.446
442.359 268.553
526.637 281.247
538.018 283.002
550.274 285.172
569.315 286.243
601.748 288.316
442.359 272.065
442.956 271.976
526.776 283.206
528.01 283.274
538.15 284.356
550.459 286.364
569.494 287.211
601.99 289.326
442.972 274.8
443.622 274.828
528.171 285.164
538.203 285.752
539.235 285.509
539.939 285.299
540.601 285.136
541.298 285.025
541.999 284.963
542.713 284.954
543.436 285.001
544.174 285.109
544.927 285.289
545.697 285.561
550.631 287.596
554.45 287.434
555.488 287.265
557.609 287.19
558.75 287.187
567.234 287.826
568.454 287.92
569.699 288.133
602.226 290.324
443.682 277.446
444.378 277.542
528.32 287.242
545.937 286.667
550.81 288.889
553.553 288.979
555.46 288.401
556.651 288.325
558.802 288.246
560.081 288.349
561.071 288.487
562.057 288.558
563.086 288.617
564.121 288.678
565.17 288.747
566.187 288.808
569.952 289.182
600.684 291.057
444.47 279.998
445.213 280.157
446.071 279.979
528.502 289.341
546.255 288.36
551.002 290.228
553.612 290.628
554.293 290.591
570.25 290.956
571.767 291.179
573.048 291.367
597.044 291.705
598.913 291.774
600.9 291.943
446.131 282.748
446.891 282.555
527.448 291.243
546.501 290.068
551.209 291.596
553.172 292.199
554.499 292.69
573.154 292.814
574.514 292.916
575.762 293.033
577.033 293.083
578.355 293.095
579.705 293.079
581.094 293.037
582.521 292.977
583.994 292.908
585.506 292.837
587.062 292.77
588.656 292.714
590.293 292.673
591.958 292.653
593.66 292.662
595.322 292.688
601.093 292.848
446.904 284.74
527.63 293.208
546.664 291.685
547.582 291.747
551.432 292.979
552.713 293.517
553.425 293.816
554.775 294.392
593.694 293.732
595.427 293.803
601.278 294.052
447.023 286.424
527.775 295.169
547.663 293.204
548.897 293.38
549.424 293.518
549.974 293.668
550.534 293.853
551.1 294.076
551.665 294.337
552.249 294.647
552.988 295.042
553.714 295.41
555.096 296.134
555.864 296.529
557.101 297.022
558.307 297.354
559.42 297.573
560.491 297.718
561.522 297.808
562.528 297.856
563.516 297.852
564.499 297.764
593.673 295.195
595.506 295.164
601.352 295.269
603.568 295.343
447.19 288.194
447.857 288.436
527.891 297.164
547.72 294.911
548.529 294.856
552.551 296.119
553.285 296.573
554.021 296.979
554.759 297.402
564.542 300.466
565.441 300.181
578.131 298.889
603.496 296.42
448.1 290.511
527.996 299.231
547.783 296.636
548.609 296.511
565.425 302.119
566.47 302.025
567.723 301.746
576.889 301.235
578.009 301.374
578.92 301.224
603.361 297.727
448.367 292.226
464.726 296.888
526.9 301.227
546.952 298.414
547.845 298.35
548.632 298.217
567.659 303.819
574.401 303.289
575.648 303.405
578.573 303.388
579.622 302.993
603.278 299.013
448.66 293.992
449.381 294.411
462.96 298.507
464.069 299.049
465.104 299.544
465.927 299.744
466.893 299.746
467.886 299.763
468.865 299.728
469.853 299.584
519.803 302.19
521.035 302.56
527.022 303.306
528.176 303.334
529.042 303.234
529.844 303.052
530.646 302.87
531.448 302.701
532.254 302.527
536.486 301.773
537.313 301.673
538.134 301.527
548.672 299.871
567.699 305.101
568.689 305.151
571.729 305.16
573.14 305.257
579.247 304.81
580.435 304.409
603.141 300.251
605.32 300.111
449.797 296.479
450.786 296.987
462.232 300.205
469.794 302.059
470.693 301.707
518.788 303.701
520.236 304.239
521.41 304.747
522.41 304.993
523.564 305.126
524.727 305.242
525.908 305.318
532.169 304.358
532.972 304.146
533.853 303.928
534.73 303.77
535.605 303.646
537.27 303.478
538.076 303.338
538.868 303.135
548.752 301.645
568.858 306.612
570.227 306.825
580.041 306.039
605.104 301.227
451.117 298.846
452.176 299.314
461.311 301.618
470.576 303.579
471.585 303.321
520.542 305.824
536.42 305.102
537.201 304.881
538.806 304.713
539.635 304.559
547.024 303.501
547.906 303.427
548.806 303.354
579.907 307.259
580.928 307.086
604.792 302.557
452.489 301.05
453.626 301.551
454.914 301.881
461.664 303.454
471.48 305.017
472.561 304.797
520.761 307.581
539.576 306.043
543.356 305.489
546.137 305.21
547.062 305.191
547.882 305.113
548.785 304.882
549.618 304.688
550.351 304.606
580.763 308.545
582.099 308.323
604.524 303.849
606.661 303.613
455.202 303.805
456.352 304.112
457.679 304.347
461.937 305.202
472.437 306.391
520.969 309.374
539.582 307.337
540.409 307.299
541.411 307.228
542.408 307.159
543.363 307.122
544.226 307.045
545.169 306.911
546.136 306.803
548.693 306.525
550.365 305.994
581.841 309.72
583.281 309.445
585.119 308.889
606.389 304.756
457.903 306.125
459.151 306.382
460.643 306.62
472.488 307.659
473.416 307.626
519.759 310.961
548.631 307.874
549.423 307.743
550.357 307.61
584.516 310.477
605.986 306.118
607.946 305.879
473.445 309.129
517.193 312.373
518.545 312.586
584.174 311.491
607.709 307.096
473.576 310.401
474.525 310.449
509.248 312.442
512.088 313.211
513.428 313.564
514.719 313.827
516.051 314.032
583.928 312.462
607.338 308.509
609.213 308.295
474.616 311.911
508.153 313.77
509.718 314.272
511.027 314.654
583.732 313.513
609.016 309.561
474.798 313.162
475.775 313.268
508.574 315.461
510.084 315.821
511.36 316.144
583.576 314.598
608.73 311.02
475.92 314.7
507.328 316.646
509.052 317.141
583.438 315.669
608.528 312.411
476.153 315.933
477.158 316.097
509.371 318.466
582.376 316.947
583.277 316.806
608.33 313.726
477.38 317.519
478.651 317.68
504.732 319.077
506.382 319.464
507.986 319.772
583.197 318.272
586.577 318.058
608.074 315.013
610.209 314.688
478.754 319.039
480.077 319.131
503.37 320.131
582.316 319.448
583.194 319.427
584.59 319.469
586.47 319.447
609.891 315.871
480.111 320.431
481.491 320.478
503.761 321.457
584.58 320.957
609.455 317.292
611.342 316.984
481.446 321.71
504.054 322.691
584.479 321.985
611.074 318.274
481.574 322.722
504.286 323.919
583.458 323.096
584.367 323.033
610.706 319.775
481.723 323.793
502.363 324.932
504.528 325.122
584.417 324.558
610.4 321.216
612.315 320.902
481.946 324.966
482.978 325.181
504.613 326.133
584.594 325.79
585.636 325.877
612.031 322.208
483.29 326.518
502.513 327.289
585.78 327.244
589.173 327.077
611.677 323.761
483.645 327.648
484.797 327.898
502.494 328.431
504.692 328.356
586.007 328.381
587.148 328.498
589.018 328.487
611.423 325.256
485.126 329.16
504.478 329.366
587.293 329.74
611.2 326.691
485.533 330.254
486.751 330.549
504.157 330.622
587.507 330.824
588.628 330.917
590.384 330.894
610.974 328.102
487.185 331.786
488.762 332.145
490.614 332.359
492.388 332.483
503.883 331.885
590.303 332.381
610.739 329.498
492.44 333.89
493.969 333.912
495.793 333.843
503.557 333.143
505.532 332.815
590.309 333.38
610.491 330.89
495.684 335.137
497.33 335.092
499.257 334.942
501.16 334.76
505.082 334.03
590.43 334.383
591.57 334.492
610.227 332.284
500.794 336.076
502.524 335.822
591.826 335.758
593.377 335.867
595.313 335.735
609.946 333.692
595.118 337.123
609.667 335.141
595.101 338.036
596.48 338.008
607.507 336.84
596.515 339.071
605.272 338.35
596.732 339.946
600.566 339.975
605.139 339.579
596.984 340.825
598.395 340.997
600.692 341.156
602.589 341.08
604.918 340.768
602.406 342.077
604.465 341.752
596.283 342.274
593.837 342.834
595.135 342.947
596.422 343.051
592.725 343.655
593.889 343.689
