495.379 177.548
496.308 177.183
493.687 179.159
495.391 178.609
376.011 176.954
377.133 177.299
378.2 177.617
379.234 177.905
380.249 178.17
381.258 178.419
382.263 178.657
383.27 178.887
384.278 179.114
385.289 179.338
386.304 179.562
387.323 179.786
388.346 180.013
389.374 180.243
390.407 180.478
391.444 180.717
392.485 180.963
393.532 181.215
394.584 181.475
395.642 181.744
396.705 182.024
397.774 182.315
398.85 182.619
399.933 182.937
401.024 183.273
402.124 183.629
403.234 184.006
404.357 184.411
405.494 184.849
406.649 185.328
407.825 185.858
409.029 186.458
410.235 187.121
411.361 187.779
412.383 188.37
413.324 188.897
414.205 189.375
415.04 189.81
415.838 190.213
416.605 190.586
417.346 190.934
418.065 191.262
418.767 191.568
419.452 191.858
420.124 192.133
420.785 192.394
421.435 192.643
422.076 192.881
422.709 193.108
423.335 193.325
423.954 193.532
424.567 193.731
425.175 193.922
425.777 194.104
426.375 194.279
426.968 194.447
427.558 194.608
428.144 194.762
428.726 194.909
429.304 195.049
429.88 195.183
430.452 195.31
431.022 195.431
431.589 195.546
432.153 195.654
432.716 195.757
433.276 195.853
433.834 195.942
434.39 196.025
434.946 196.102
435.499 196.172
436.052 196.236
436.604 196.294
437.155 196.346
437.705 196.392
438.256 196.431
438.807 196.464
439.357 196.492
439.909 196.513
440.461 196.528
441.014 196.537
441.567 196.54
442.123 196.538
442.679 196.53
443.238 196.516
443.798 196.497
444.36 196.472
444.924 196.442
445.491 196.406
446.059 196.366
446.63 196.32
447.204 196.27
447.78 196.214
448.359 196.154
448.94 196.09
449.524 196.021
450.111 195.948
450.7 195.87
451.291 195.789
451.885 195.704
452.482 195.615
453.081 195.522
453.681 195.426
454.284 195.326
454.889 195.223
455.495 195.118
456.102 195.009
456.71 194.896
457.32 194.78
457.931 194.66
458.543 194.537
459.157 194.41
459.771 194.279
460.386 194.145
461.001 194.008
461.617 193.868
462.233 193.724
462.85 193.575
463.467 193.424
464.084 193.268
464.701 193.108
465.318 192.944
465.935 192.775
466.553 192.601
467.171 192.422
467.79 192.237
468.41 192.046
469.03 191.849
469.653 191.645
470.278 191.433
470.906 191.211
471.538 190.98
472.175 190.739
472.817 190.485
473.467 190.219
474.127 189.938
474.797 189.638
475.483 189.32
476.185 188.979
476.912 188.609
477.668 188.205
478.463 187.762
479.311 187.264
480.231 186.7
481.243 186.065
482.325 185.408
483.412 184.791
484.487 184.219
485.551 183.681
486.607 183.171
487.657 182.681
488.704 182.207
489.747 181.746
490.792 181.294
491.841 180.846
492.923 180.387
494.699 179.607
375.271 177.549
376.55 177.946
410.148 187.761
415.835 191.238
454.53 196.641
478.538 188.641
493.985 180.564
374.446 178.142
376.952 178.728
410.958 188.559
416.441 191.823
454.439 196.971
477.704 189.428
493.34 181.424
494.113 181.118
495.352 180.651
496.603 180.181
497.786 179.729
498.955 179.266
503.788 177.382
373.607 178.729
374.89 179.052
377.283 179.549
411.664 189.204
416.72 192.076
454.406 197.092
477.203 189.862
498.166 180.373
499.286 179.907
500.616 179.36
501.885 178.894
503.039 178.518
504.014 178.155
505.255 177.628
364.328 177.718
373.959 179.565
375.249 179.82
376.252 180.027
412.323 189.797
417.068 192.381
454.371 197.218
476.67 190.332
504.422 178.693
505.6 178.215
506.996 177.637
509.727 176.595
363.507 178.311
364.809 178.647
365.865 178.891
367.015 179.099
376.569 180.733
377.934 180.988
378.978 181.155
412.921 190.335
417.389 192.654
454.342 197.323
476.23 190.728
506.236 178.583
507.524 178.106
508.971 177.591
510.145 177.169
511.572 176.617
518.837 174.195
539.388 169.462
362.481 178.789
363.97 179.115
367.417 179.981
368.509 180.189
369.726 180.401
370.943 180.632
372.136 180.856
373.324 181.064
374.511 181.252
375.682 181.414
376.852 181.561
378.068 181.673
379.127 181.763
413.474 190.838
417.75 192.962
454.309 197.434
475.813 191.122
476.344 190.847
510.782 177.536
512.142 177.042
513.745 176.463
515.286 175.955
516.784 175.492
518.22 175.086
519.433 174.718
520.956 174.229
522.48 173.779
523.967 173.365
525.443 172.963
536.214 170.618
537.703 170.387
539.178 170.178
364.288 179.751
379.241 182.55
413.986 191.31
418.097 193.258
418.622 193.515
454.278 197.535
475.904 191.285
524.86 173.74
526.293 173.346
532.882 171.849
534.431 171.576
535.952 171.328
537.487 171.102
364.513 180.423
366.022 180.686
378.159 183.015
379.225 183.068
414.465 191.757
418.932 193.791
419.416 194.016
454.244 197.642
475.664 191.556
476.323 191.235
521.512 174.955
523.099 174.522
524.559 174.169
525.892 173.893
530.982 172.834
532.568 172.546
534.172 172.277
366.245 181.292
378.22 183.534
379.258 183.646
414.913 192.183
419.697 194.272
454.21 197.747
475.922 191.613
518.154 176.189
519.646 175.741
366.415 181.949
367.923 182.177
379.425 184.241
415.333 192.592
419.981 194.535
454.174 197.852
475.703 191.849
516.207 177.078
541.413 172.675
542.911 172.52
544.39 172.389
667.367 182.765
368.125 182.776
378.538 184.611
379.571 184.732
415.728 192.984
420.255 194.795
420.696 194.976
421.129 195.152
454.136 197.956
475.46 192.092
514.383 177.948
538.195 173.709
539.732 173.526
542.787 173.21
544.293 173.087
667.093 184.157
667.689 184.7
669.721 184.499
670.248 184.432
670.801 184.168
368.294 183.432
416.099 193.363
421.36 195.381
421.804 195.556
454.097 198.062
475.185 192.369
511.35 179.193
512.691 178.772
534.861 174.781
536.44 174.573
539.583 174.209
541.121 174.075
666.818 185.218
667.975 186.578
668.14 186.426
668.59 186.371
669.102 186.358
670.243 186.232
670.846 185.491
368.48 184.075
416.446 193.73
422.019 195.775
422.457 195.939
454.055 198.167
474.922 192.643
509.558 180.081
533.052 175.665
537.854 175.077
666.423 185.958
670.238 186.87
368.629 184.691
370.237 184.849
416.769 194.085
422.657 196.153
423.095 196.309
454.011 198.274
474.665 192.923
506.644 181.373
507.896 180.945
513.634 179.568
515.186 179.287
528.044 177.021
529.659 176.777
531.257 176.551
537.734 175.798
539.369 175.64
540.901 175.493
542.434 175.351
543.957 175.223
666.907 187.335
669.959 187.514
370.314 185.407
371.615 185.534
417.064 194.428
423.279 196.513
423.714 196.662
453.964 198.378
474.428 193.198
504.883 182.331
506.074 181.893
507.495 181.44
508.786 181.137
510.317 180.838
511.914 180.53
514.994 179.958
524.568 178.204
526.184 177.938
535.939 176.688
537.589 176.521
543.845 175.901
545.386 175.799
562.208 175.244
563.585 175.238
564.96 175.248
666.423 187.942
669.729 188.077
371.831 186.157
417.331 194.76
423.885 196.859
424.319 197.001
424.757 197.144
453.914 198.487
474.216 193.476
474.67 193.326
503.259 183.286
514.797 180.574
516.277 180.301
517.891 180.011
519.487 179.725
521.071 179.437
522.68 179.15
545.283 176.519
546.792 176.422
552.472 176.173
555.287 176.084
556.688 176.048
558.082 176.023
559.464 176.005
560.83 175.993
564.999 175.986
665.836 188.434
669.509 188.666
372.034 186.853
417.562 195.08
424.91 197.328
453.86 198.593
474.451 193.634
502.717 183.878
519.236 180.398
520.759 180.122
546.687 177.154
548.17 177.064
549.588 177.001
550.998 176.942
552.41 176.884
553.862 176.84
565.034 176.797
566.449 176.816
567.76 176.841
569.069 176.873
570.389 176.915
571.706 176.969
666.298 189.55
669.325 189.24
370.697 187.35
372.316 187.525
373.636 187.666
374.617 187.754
375.549 187.902
417.751 195.388
425.065 197.519
453.802 198.703
474.342 193.831
502.271 184.435
520.536 180.787
522.131 180.551
523.83 180.298
525.499 180.068
571.79 177.745
665.61 190.028
669.17 189.809
373.825 188.216
374.926 188.368
375.963 188.571
376.7 188.725
377.473 188.802
378.289 188.863
417.879 195.68
424.783 197.58
453.738 198.812
474.216 194.034
474.763 193.865
501.908 184.951
525.312 180.779
526.917 180.566
528.625 180.348
530.298 180.157
531.93 179.978
571.877 178.597
575.7 178.781
664.802 190.467
669.037 190.381
372.813 188.758
378.434 189.472
402.542 192.553
403.777 192.811
405.011 193.068
406.269 193.331
407.556 193.604
408.876 193.89
410.23 194.189
411.626 194.504
413.068 194.835
414.576 195.185
416.157 195.553
417.91 195.954
419.651 196.334
424.925 197.77
425.352 197.891
453.668 198.922
454.27 198.806
454.85 198.692
455.43 198.577
456.014 198.459
456.602 198.34
457.194 198.218
457.788 198.095
458.383 197.972
458.979 197.847
459.573 197.723
460.165 197.598
460.753 197.473
461.338 197.349
461.917 197.225
462.489 197.102
463.055 196.98
463.613 196.858
464.162 196.737
464.702 196.617
465.232 196.498
465.751 196.379
466.259 196.262
466.755 196.147
467.239 196.032
467.71 195.919
468.168 195.808
468.613 195.698
469.045 195.59
469.463 195.483
469.868 195.378
474.603 194.112
500.586 185.701
501.628 185.407
531.753 180.697
533.332 180.528
535.005 180.356
536.641 180.207
538.234 180.065
556.7 179.227
558.11 179.242
559.507 179.255
560.898 179.268
562.285 179.281
563.67 179.294
565.052 179.303
569.213 179.361
570.58 179.408
571.946 179.457
574.528 179.547
575.755 179.586
577.058 179.65
665.088 191.322
666.427 191.628
668.923 190.958
371.371 189.162
373.262 189.37
378.529 189.915
396.723 191.887
397.914 192.096
399.108 192.304
400.329 192.521
401.601 192.757
419.433 196.501
420.361 196.648
425.477 198.071
453.592 199.033
469.783 195.539
470.17 195.442
470.556 195.343
470.927 195.249
471.286 195.158
471.635 195.069
471.974 194.982
472.305 194.895
472.633 194.808
472.957 194.72
473.29 194.624
473.637 194.521
474.042 194.402
474.541 194.256
499.076 186.556
538.052 180.8
539.583 180.659
549.33 180.072
552.337 180.027
555.289 180.021
565.051 180.139
566.421 180.144
567.849 180.158
574.58 180.374
575.813 180.427
577.146 180.49
666.386 192.178
668.829 191.54
373.498 189.804
378.653 190.342
379.363 190.404
384.585 190.825
385.621 190.934
386.654 191.037
387.702 191.135
389.924 191.361
391.058 191.499
392.194 191.642
393.355 191.792
394.542 191.955
395.776 192.137
420.259 196.835
420.993 196.967
425.178 198.142
426.846 198.578
453.503 199.144
473.869 194.587
497.579 187.46
539.428 181.312
541.015 181.206
547.739 180.844
549.332 180.826
550.825 180.816
552.345 180.807
553.807 180.802
566.423 180.917
567.868 180.948
569.313 180.975
570.689 181.009
665.368 193.088
668.774 192.131
669.071 192.131
373.595 190.32
379.562 190.876
380.474 190.962
381.533 191.032
382.603 191.111
383.691 191.201
387.831 191.597
388.893 191.681
421.049 197.216
425.29 198.324
425.705 198.427
426.113 198.529
426.525 198.632
426.95 198.74
453.393 199.259
473.307 194.955
473.652 194.831
496.186 188.372
497.027 188.083
540.905 181.835
547.726 181.554
565.066 181.624
570.734 181.746
572.124 181.811
573.447 181.887
664.508 193.948
669.105 192.794
669.889 192.703
373.777 190.856
421.087 197.514
427.055 198.905
453.257 199.379
473.482 195.194
474.116 195.031
496.513 188.812
497.559 188.53
540.91 182.401
542.429 182.362
546.006 182.264
550.845 182.219
565.08 182.366
573.527 182.668
574.862 182.753
576.146 182.848
577.428 182.943
663.67 194.832
669.713 193.208
372.015 191.277
374.049 191.367
420.176 197.561
427.158 199.073
427.606 199.181
453.091 199.505
473.927 195.318
497.146 189.14
542.46 182.964
544.151 182.942
549.314 182.882
550.855 182.882
563.745 183.07
577.547 183.747
661.239 195.539
662.019 195.754
662.817 195.837
669.762 193.467
374.173 191.774
420.385 197.836
427.696 199.34
428.138 199.444
452.887 199.64
473.89 195.476
495.949 189.854
542.55 183.516
544.139 183.518
547.706 183.519
561.039 183.717
562.426 183.766
577.67 184.628
578.988 184.732
660.706 196.519
662.072 197.03
669.884 193.718
670.521 193.849
672.215 194.069
372.255 192.245
419.384 197.81
428.228 199.601
435.395 201.101
435.844 201.184
436.261 201.253
436.661 201.311
437.053 201.359
437.441 201.399
437.827 201.432
438.213 201.458
438.601 201.478
438.992 201.492
439.386 201.5
439.784 201.503
440.187 201.501
440.595 201.493
441.007 201.481
441.425 201.463
441.849 201.441
442.277 201.414
442.711 201.382
443.149 201.346
443.592 201.305
444.04 201.26
444.492 201.21
444.948 201.157
445.408 201.099
445.873 201.037
446.343 200.97
446.817 200.9
447.297 200.825
447.782 200.745
448.275 200.661
448.774 200.573
449.283 200.479
449.801 200.381
450.33 200.277
450.872 200.167
451.431 200.05
452.01 199.926
452.622 199.79
473.85 195.638
495.625 190.408
542.637 184.061
546.047 184.116
547.73 184.137
558.237 184.335
559.672 184.381
561.092 184.437
562.513 184.512
579.099 185.604
635.519 188.256
637.083 188.424
638.674 188.662
640.263 188.957
641.857 189.301
643.464 189.7
645.09 190.159
646.749 190.698
648.45 191.342
650.216 192.142
651.969 193.113
653.474 194.077
654.682 194.892
655.682 195.55
656.546 196.081
657.317 196.511
658.03 196.857
658.715 197.133
659.396 197.347
660.121 197.531
661.983 197.525
672.193 194.598
673.501 194.75
372.359 192.701
419.671 198.079
428.309 199.758
428.765 199.858
429.21 199.957
435.079 201.153
452.294 199.951
473.813 195.817
495.347 190.965
541.159 184.588
544.372 184.641
546.103 184.693
547.769 184.726
556.83 184.993
559.739 185.092
561.207 185.188
562.629 185.292
577.883 186.401
579.209 186.504
632.573 188.772
634.016 188.843
651.101 193.181
660.135 198.671
661.834 197.787
673.299 195.084
372.387 193.14
418.643 198.034
429.295 200.106
434.136 201.086
434.676 201.183
435.249 201.287
452.048 200.062
473.795 196.001
495.133 191.516
495.939 191.38
539.66 185.122
542.863 185.161
546.175 185.284
556.885 185.699
579.31 187.369
631.086 189.489
652.255 194.534
660.028 199.003
661.601 198.095
671.346 194.652
672.34 194.951
372.34 193.58
417.483 197.947
429.376 200.259
429.843 200.357
430.757 200.547
431.229 200.644
431.709 200.74
432.198 200.836
432.694 200.932
433.201 201.027
433.715 201.121
434.803 201.309
435.399 201.41
451.832 200.161
473.796 196.188
495.799 191.964
496.902 191.779
498.279 191.469
539.752 185.653
541.332 185.684
544.689 185.8
555.542 186.332
579.398 188.264
629.7 190.272
653.163 195.698
659.95 199.137
661.385 198.361
667.432 194.294
669.118 194.166
670.176 194.43
670.749 194.607
372.24 194.023
417.728 198.168
429.919 200.504
430.38 200.597
435.525 201.529
451.627 200.26
473.814 196.377
497.9 192.125
499.122 191.834
500.589 191.446
544.775 186.35
555.667 187.045
579.497 189.169
627.096 191.063
628.383 191.064
653.814 196.673
659.222 199.396
659.526 199.381
659.873 199.3
661.176 198.625
666.628 194.956
667.169 194.612
668.453 194.358
668.729 194.379
669.108 194.398
669.871 194.571
372.092 194.47
417.838 198.354
419.415 198.648
420.242 198.797
435.629 201.646
451.435 200.356
473.852 196.568
500.028 192.122
501.352 191.766
544.901 186.899
555.831 187.763
578.305 189.972
625.75 191.944
654.293 197.545
658.958 199.502
661.001 198.873
666.373 195.344
666.92 195.154
667.968 194.936
668.396 194.785
668.9 194.837
371.901 194.927
420.269 198.935
435.718 201.76
451.249 200.451
473.91 196.761
500.817 192.34
502.212 191.99
503.922 191.52
545.073 187.447
554.594 188.343
577.111 190.755
582.053 191.063
583.244 191.135
624.56 192.916
654.631 198.343
658.994 199.721
660.839 199.129
665.843 195.87
666.23 195.701
667.043 195.692
371.673 195.393
419.216 198.968
435.792 201.873
451.066 200.546
473.986 196.956
503.153 192.184
504.717 191.747
543.687 187.881
554.836 189.072
575.918 191.539
577.225 191.652
579.723 191.801
580.913 191.852
583.336 191.986
624.571 193.93
654.846 199.1
659.023 199.954
660.687 199.388
664.909 196.518
665.449 196.253
665.782 196.199
371.438 195.876
419.292 199.182
435.854 201.984
450.881 200.64
474.083 197.156
503.95 192.318
543.918 188.422
555.128 189.819
574.739 192.309
578.563 192.616
583.445 192.908
584.697 193.018
624.706 194.964
625.799 195.131
654.945 199.837
659.041 200.229
660.537 199.681
663.058 197.819
663.785 197.343
664.279 197.069
369.113 196.668
419.37 199.386
435.904 202.094
450.689 200.736
474.204 197.358
503.475 192.74
544.194 188.961
555.466 190.583
574.868 193.199
576.187 193.31
577.4 193.399
584.799 193.938
626.113 196.255
654.907 200.58
657.456 200.579
658.905 200.544
660.395 199.984
660.684 199.786
662.094 198.674
368.931 197.133
419.422 199.588
435.945 202.204
450.484 200.836
474.348 197.566
474.796 197.582
476.024 197.586
477.314 197.54
478.467 197.465
479.56 197.368
480.598 197.258
481.602 197.137
482.576 197.009
483.528 196.874
484.461 196.734
485.38 196.591
486.284 196.445
487.178 196.298
488.062 196.149
488.939 196
489.81 195.85
490.679 195.699
491.547 195.547
492.418 195.394
493.292 195.239
494.175 195.08
495.069 194.915
495.981 194.743
496.907 194.563
497.854 194.371
498.82 194.167
499.818 193.948
500.838 193.714
501.902 193.459
502.97 193.192
542.819 189.329
555.844 191.367
584.895 194.893
623.996 196.663
625.22 196.881
626.467 197.184
657.035 201.191
658.756 200.976
660.531 200.125
661.343 199.491
368.679 197.612
419.458 199.789
435.976 202.314
450.262 200.938
474.519 197.779
502.446 193.675
503.62 193.377
543.147 189.85
556.265 192.178
584.999 195.85
607.879 196.481
609.152 196.385
610.469 196.346
611.783 196.354
613.089 196.395
614.383 196.462
615.664 196.548
616.931 196.653
618.184 196.773
619.423 196.91
620.642 197.062
621.843 197.232
623.001 197.408
656.643 202.189
658.663 201.488
660.158 200.653
660.396 200.486
661.14 199.963
366.194 198.577
419.479 199.991
436.001 202.424
450.009 201.05
474.703 197.991
503.053 193.879
543.539 190.379
556.726 193.019
558.059 193.324
585.102 196.806
606.588 197.533
654.668 203.299
658.493 202.091
660.281 200.847
660.748 200.496
365.903 199.071
419.484 200.195
436.019 202.536
449.713 201.174
450.285 201.036
451.317 200.81
452.39 200.593
453.372 200.402
454.299 200.226
455.174 200.063
456.009 199.91
456.808 199.766
457.578 199.63
458.321 199.5
459.039 199.376
459.736 199.258
460.413 199.144
461.071 199.035
461.712 198.93
462.337 198.83
462.946 198.733
463.542 198.641
464.124 198.552
464.694 198.467
465.25 198.386
465.796 198.309
466.33 198.236
466.854 198.167
467.368 198.103
467.874 198.043
468.371 197.988
468.863 197.939
469.348 197.896
469.831 197.86
470.314 197.833
470.806 197.821
474.908 198.211
501.496 194.592
543.986 190.904
558.539 194.233
585.201 197.765
586.409 197.851
606.488 198.581
654.738 204.193
658.336 202.555
660.183 201.264
660.397 201.09
365.506 199.593
419.474 200.401
436.032 202.648
449.363 201.328
470.875 197.979
471.413 197.985
471.79 198.008
472.467 198.037
472.844 198.043
473.258 198.07
473.681 198.123
475.107 198.425
500.956 195.117
501.888 194.88
544.502 191.438
559.028 195.145
586.489 198.81
606.494 199.666
607.51 199.721
654.679 205.079
658.182 203.013
659.918 201.79
660.125 201.687
362.737 200.85
365.099 200.115
419.447 200.611
436.041 202.761
449.029 201.516
471.857 198.241
472.246 198.236
473.823 198.325
474.311 198.417
474.662 198.506
474.98 198.583
475.325 198.664
501.271 195.508
502.566 195.151
545.064 191.964
559.522 196.097
585.399 199.715
607.661 200.881
654.485 206.033
656.442 205.203
657.146 204.541
657.465 204.124
657.843 203.633
658.092 203.312
658.335 203.055
658.59 202.832
658.842 202.649
659.077 202.511
659.301 202.421
659.512 202.37
659.685 202.349
660.142 202.444
660.486 202.916
661.122 203.59
364.545 200.614
419.401 200.824
436.047 202.876
448.832 201.689
475.241 198.898
475.755 199.111
501.745 195.811
503.215 195.326
505.677 194.52
508.958 193.625
512.304 192.878
515.575 192.279
518.776 191.813
521.946 191.474
545.719 192.522
560.03 197.098
584.321 200.598
585.508 200.706
605.642 201.598
606.732 201.688
654.206 207.104
660.771 204.719
661.387 205.174
363.564 201.376
419.334 201.045
436.052 202.992
448.743 201.842
476.079 199.566
502.071 196.122
503.869 195.473
521.766 191.935
525.213 191.702
527.465 191.637
529.623 191.582
531.964 191.562
534.304 191.601
536.67 191.704
539.035 191.877
541.433 192.137
543.861 192.509
546.38 193.042
560.549 198.149
583.253 201.451
604.626 202.539
653.925 208.311
660.494 205.951
362.542 202.213
419.243 201.274
436.056 203.108
448.723 201.985
476.276 200.105
476.807 200.174
502.279 196.85
504.708 196.222
547.25 193.812
561.066 199.247
583.398 202.417
602.627 203.437
603.682 203.496
653.723 209.622
660.633 207.566
661.106 207.729
361.428 203.147
363.837 201.98
419.125 201.519
436.062 203.226
448.755 202.123
476.939 200.689
503.524 197.364
506.676 196.753
548.586 195.529
551.811 196.342
560.568 200.049
582.314 203.243
600.613 204.313
601.659 204.376
602.686 204.439
652.122 211.11
661.253 209.247
362.347 203.056
364.398 201.963
366.008 201.193
367.668 200.491
369.282 199.895
370.855 199.382
372.389 198.942
373.897 198.564
375.385 198.239
376.861 197.959
378.331 197.722
379.803 197.524
381.281 197.361
382.772 197.232
384.282 197.137
385.815 197.074
387.378 197.044
388.975 197.048
390.616 197.087
392.306 197.165
394.057 197.286
395.879 197.455
397.795 197.684
399.821 197.986
402.019 198.4
404.252 198.933
405.884 199.409
407.087 199.786
408.108 200.093
409.024 200.354
409.887 200.582
410.716 200.783
411.527 200.964
412.327 201.128
413.121 201.276
413.916 201.407
414.714 201.524
415.521 201.623
416.338 201.705
417.177 201.764
418.041 201.796
418.979 201.785
419.956 201.71
420.521 201.64
420.99 201.591
421.486 201.562
421.976 201.551
422.477 201.556
422.979 201.574
423.49 201.602
424.006 201.64
424.531 201.687
425.062 201.744
425.602 201.811
426.151 201.887
426.71 201.974
427.28 202.073
427.861 202.187
428.455 202.32
429.031 202.469
429.51 202.603
429.934 202.716
430.342 202.811
430.744 202.895
431.144 202.971
431.545 203.038
431.949 203.098
432.357 203.153
432.772 203.2
433.195 203.242
433.628 203.277
434.074 203.305
434.536 203.325
435.019 203.338
435.526 203.343
436.07 203.341
448.826 202.26
477.009 201.176
477.582 201.188
505.543 197.616
552.446 197.741
560.177 200.933
581.206 204.043
597.493 205.044
598.617 205.122
599.676 205.237
602.95 205.78
604.211 206.173
605.471 206.561
606.766 206.956
608.086 207.326
609.414 207.669
610.754 207.988
612.101 208.282
613.454 208.552
614.808 208.801
616.164 209.034
617.52 209.253
618.876 209.464
620.235 209.67
621.598 209.872
622.966 210.074
624.34 210.276
625.722 210.479
627.113 210.683
628.513 210.887
629.924 211.092
631.344 211.295
632.773 211.494
634.211 211.688
635.654 211.875
637.101 212.052
652.1 212.31
653.642 212.095
654.448 211.925
655.039 211.702
655.599 211.447
656.125 211.205
656.641 210.973
657.142 210.767
657.634 210.6
658.114 210.491
658.584 210.459
659.032 210.501
659.447 210.541
661.375 210.533
661.965 210.657
360.393 204.655
402.823 198.842
428.604 202.533
436.072 203.478
448.931 202.396
477.599 201.675
505.416 197.974
552.849 199.489
555.594 199.996
560.79 202.285
561.679 202.641
562.648 203.014
563.621 203.36
564.586 203.661
565.544 203.912
566.498 204.115
567.452 204.27
568.412 204.378
569.386 204.44
570.39 204.461
580.049 204.838
594.277 205.856
595.399 205.879
596.487 205.951
597.537 206.014
637.275 213.443
638.709 213.602
652.034 213.499
658.582 211.78
659.465 212.057
659.818 211.927
662.094 211.899
664.479 212.333
358.643 206.438
359.943 205.723
404.264 200.002
428.869 203.065
436.039 203.728
449.066 202.536
477.599 202.154
503.611 198.401
556.001 201.562
557.78 201.927
558.831 202.489
559.702 202.974
560.544 203.36
570.457 205.627
571.462 205.534
572.601 205.451
573.812 205.428
575.049 205.449
576.302 205.497
577.569 205.564
578.848 205.643
580.151 205.733
581.473 205.831
582.721 205.943
593.25 206.867
597.807 207.397
638.869 215.007
651.918 214.694
658.598 212.709
659.782 212.926
661.57 212.814
662.233 212.984
662.916 213.171
663.76 213.359
664.629 213.547
358.341 207.734
405.148 201.155
429.067 203.654
435.961 204.012
449.227 202.677
477.579 202.647
478.132 202.608
502.25 198.797
503.804 198.788
556.341 203.519
570.499 206.888
582.838 206.885
584.15 207.043
585.242 207.224
589.276 207.67
590.33 207.711
591.385 207.8
592.379 207.904
598.275 209.247
639.036 216.426
640.434 216.583
651.746 215.912
658.596 213.504
659.804 213.564
660.198 213.585
660.934 213.67
661.658 213.819
663.071 214.302
357.455 209.129
405.655 202.18
429.206 204.218
435.858 204.311
449.424 202.83
478.086 203.114
478.691 203.039
499.354 199.556
500.652 199.324
556.789 205.466
570.572 208.327
585.375 208.341
586.515 208.465
587.475 208.621
588.39 208.708
598.711 211.142
640.609 218.038
641.962 218.21
643.253 218.346
651.512 217.169
657.266 214.625
657.9 214.418
658.555 214.27
659.175 214.149
659.551 214.09
659.858 214.153
661.042 214.616
662.552 215.217
356.657 210.486
405.964 203.159
429.313 204.781
435.737 204.634
449.643 202.985
478.6 203.529
497.727 200.631
557.228 207.335
570.704 209.871
599.111 213.026
642.175 219.744
643.416 219.973
644.436 220.023
645.623 219.891
651.208 218.48
654.005 217.044
654.652 216.645
655.284 216.306
655.92 216.014
656.532 215.767
661.235 215.86
662.016 216.162
355.921 211.863
406.137 204.1
429.398 205.34
435.599 204.99
449.918 203.169
477.967 204.126
478.505 204.017
497.345 201.616
557.636 209.176
570.879 211.463
599.495 214.92
641.079 220.972
645.505 221.469
646.613 221.261
647.923 220.908
650.828 219.871
652.302 219.093
653.073 218.577
655.764 216.977
656.426 216.735
657.067 216.644
657.775 216.62
355.283 213.153
406.212 205.019
429.467 205.902
435.442 205.394
435.928 205.061
436.201 204.843
436.414 204.682
436.636 204.544
436.85 204.43
437.071 204.331
437.292 204.242
437.522 204.156
437.757 204.07
438.004 203.98
438.268 203.881
438.591 203.762
439.033 203.633
439.502 203.53
439.965 203.447
440.429 203.377
440.891 203.316
441.353 203.26
441.812 203.209
442.269 203.161
442.724 203.116
443.175 203.074
443.622 203.035
444.064 202.998
444.5 202.964
444.931 202.934
445.354 202.908
445.772 202.886
446.182 202.869
446.586 202.859
446.982 202.856
447.375 202.861
447.761 202.878
448.149 202.907
448.534 202.95
448.932 203.013
449.331 203.095
449.768 203.21
450.2 203.347
450.807 203.546
451.892 203.826
452.858 203.985
453.719 204.076
454.547 204.132
455.349 204.168
456.138 204.191
456.914 204.207
457.682 204.221
458.44 204.237
459.19 204.26
459.929 204.297
478.393 204.557
497.31 202.553
558.011 210.989
571.076 213.091
599.861 216.824
639.875 222.078
647.636 222.387
648.886 221.981
650.391 221.324
651.753 220.497
652.677 219.771
653.394 219.35
654.154 219.033
654.86 218.752
656.301 218.262
657.011 218.214
657.733 218.203
353.619 214.939
406.208 205.921
429.524 206.464
438.106 204.12
460.035 204.698
478.277 205.113
497.447 203.324
558.36 212.79
571.285 214.746
600.214 218.743
640.075 223.368
647.465 223.443
648.585 223.194
653.911 220.611
654.64 220.472
655.349 220.474
352.945 216.4
406.14 206.81
429.57 207.03
437.796 204.863
460.155 205.241
478.139 205.726
478.642 205.467
479.38 205.157
480.21 204.9
481.062 204.695
481.928 204.525
482.793 204.385
483.655 204.267
484.51 204.165
485.356 204.079
486.189 204.006
487.009 203.946
487.813 203.898
488.6 203.859
489.369 203.831
490.118 203.812
490.846 203.8
491.555 203.795
492.242 203.796
492.907 203.804
493.551 203.815
494.172 203.833
494.775 203.86
495.36 203.913
496.854 203.961
558.684 214.579
571.499 216.423
600.556 220.683
640.202 224.621
646.329 224.626
647.315 224.46
648.448 224.266
649.558 224.057
650.708 223.74
651.756 223.369
652.726 223.051
351.457 218.312
406.016 207.69
429.609 207.599
437.578 205.731
460.239 205.798
478.015 206.493
478.425 206.211
495.486 204.754
496.114 204.899
496.517 205.02
558.988 216.365
571.715 218.117
600.894 222.661
640.263 225.877
645.349 225.868
646.226 225.786
350.876 220
405.841 208.564
429.641 208.17
437.44 206.56
460.286 206.344
478.346 207.544
496.458 206.533
496.945 206.557
559.272 218.145
571.93 219.826
601.236 224.686
640.261 227.149
641.733 227.084
646.206 227.143
350.453 221.706
351.187 221.683
352.538 221.486
405.617 209.432
429.667 208.744
437.343 207.379
460.305 206.89
478.492 208.554
478.919 208.586
496.991 208.833
559.539 219.927
572.143 221.548
601.616 226.833
641.603 228.305
642.743 228.181
646.23 228.242
352.032 223.528
353.317 223.084
405.346 210.298
429.688 209.321
437.273 208.182
460.296 207.437
461.079 207.399
461.658 207.37
462.208 207.352
462.775 207.346
463.345 207.349
463.921 207.36
464.499 207.378
465.078 207.401
465.656 207.43
466.233 207.465
466.806 207.504
467.376 207.548
467.94 207.596
468.5 207.649
469.054 207.706
469.601 207.766
470.142 207.828
470.676 207.894
471.201 207.962
471.721 208.032
472.232 208.104
472.735 208.177
473.229 208.25
473.715 208.324
474.192 208.397
474.66 208.469
475.118 208.54
475.564 208.611
476 208.681
476.424 208.752
476.835 208.825
477.233 208.906
477.617 209
477.99 209.124
478.361 209.292
478.737 209.529
479.181 209.836
479.834 209.927
497.801 211.478
498.595 211.767
559.791 221.707
572.353 223.279
600.951 228.518
602.091 229.124
641.418 229.788
642.632 229.582
646.192 229.313
352.752 224.714
405.025 211.164
429.705 209.901
437.22 208.979
460.262 207.996
480.07 211.136
480.79 211.199
481.686 211.017
499.815 214.745
560.028 223.494
572.56 225.02
601.399 230.514
602.482 230.996
637.509 231.483
638.737 231.519
640.001 231.449
646.108 230.415
352.503 225.906
353.609 225.637
404.651 212.034
429.718 210.484
437.18 209.771
460.216 208.573
481.779 212.385
500.841 216.907
502.029 217.46
560.252 225.284
572.765 226.772
601.85 232.564
602.817 233.02
603.217 233.175
604.008 233.357
604.885 233.41
605.747 233.367
606.647 233.252
607.581 233.062
608.604 232.808
609.736 232.572
610.928 232.42
612.135 232.335
613.35 232.286
614.564 232.253
615.794 232.229
617.026 232.214
618.248 232.166
619.534 232.085
620.876 232.024
622.256 231.994
623.664 231.998
625.08 232.035
626.497 232.096
627.913 232.173
629.326 232.26
630.739 232.355
632.149 232.457
633.558 232.568
634.957 232.693
636.344 232.845
637.642 233.023
645.996 231.506
353.245 227.063
404.214 212.911
429.727 211.07
437.149 210.558
460.172 209.158
481.254 213.165
503.179 219.9
504.855 220.533
560.472 227.092
572.97 228.533
601.157 233.994
607.212 234.966
613.28 233.827
614.462 233.798
615.688 233.732
616.958 233.698
618.053 233.633
619.367 233.496
633.699 233.901
635.125 234.032
636.529 234.183
637.62 234.155
644.92 232.741
353.046 228.164
403.699 213.805
429.733 211.658
437.125 211.344
460.128 209.741
481.543 214.105
482.056 214.258
505.692 222.669
507.452 223.161
560.692 228.916
573.18 230.305
600.387 235.249
606.928 235.759
610.641 234.973
611.943 234.893
616.835 234.44
619.232 234.379
632.378 234.728
633.817 234.84
635.245 234.944
636.653 235.026
637.421 235.02
644.775 233.795
351.898 229.577
352.749 229.361
403.083 214.728
429.737 212.249
437.108 212.128
460.083 210.32
482.514 215.552
508.077 225.102
509.92 225.506
560.969 230.801
573.406 232.09
598.198 235.967
599.539 236.493
606.742 236.264
607.496 236.157
609.024 235.952
615.131 235.056
616.456 234.811
618.168 234.719
619.254 234.818
620.255 234.859
622.009 234.907
632.461 235.583
635.33 235.72
637.411 235.892
638.228 235.838
639.353 235.653
643.642 234.977
352.47 231.067
402.323 215.706
429.737 212.843
437.095 212.912
460.035 210.893
482.949 216.549
483.578 216.821
484.643 217.072
510.341 227.283
558.429 232.247
573.668 233.886
574.423 234.195
575.48 234.488
597.372 237.143
613.671 235.686
618.16 235.259
619.463 235.294
622.084 235.61
631.105 236.365
632.541 236.456
635.389 236.534
637.485 236.617
639.211 236.524
640.333 236.4
642.476 236.115
352.362 232.414
401.326 216.792
405.499 215.113
429.734 213.441
437.087 213.697
459.982 211.46
484.953 218.336
510.952 228.69
515.242 229.682
558.709 233.926
561.765 234.146
573.976 235.62
575.722 236.535
576.614 236.542
594.818 237.708
596.407 238.193
612.295 236.243
613.363 236.086
622.299 236.415
623.964 236.611
625.475 236.771
626.939 236.928
631.185 237.228
632.597 237.294
635.382 237.325
636.818 237.317
637.553 237.333
638.128 237.405
640.209 237.325
641.288 237.202
352.275 233.781
353.141 233.792
404.067 216.244
406.896 214.979
429.728 214.041
437.083 214.483
459.923 212.018
485.17 219.115
511.674 230.217
513.152 230.854
515.765 231.709
517.798 232.003
561.629 235.58
574.279 237.151
576.702 238.075
577.738 238.142
579.007 238.067
593.609 238.648
610.712 236.836
625.644 237.63
627.145 237.815
629.81 238.006
632.589 238.14
636.749 238.058
638.284 238.311
639.057 238.374
353.09 235.424
354.333 235.334
405.567 216.197
407.891 215.131
429.719 214.645
437.083 215.273
459.858 212.569
485.424 219.863
517.77 233.64
561.499 237.6
572.823 238.001
573.66 238.259
579.047 239.645
580.218 239.624
581.628 239.558
583.029 239.569
584.4 239.597
585.778 239.615
587.172 239.605
593.985 239.789
609.356 237.375
625.786 238.53
629.893 238.844
631.327 238.932
632.554 238.964
636.659 238.954
639.058 239.213
354.13 236.856
355.47 236.634
406.673 216.399
408.769 215.416
429.706 215.252
437.088 216.063
459.786 213.11
485.765 220.734
517.9 234.727
559.108 239.396
572.145 239.171
587.123 241.05
588.495 240.944
590.229 240.827
594.208 240.798
606.45 238.074
608.303 237.882
624.414 239.326
625.909 239.471
629.989 239.721
632.56 239.853
636.617 239.834
639.123 239.88
355.178 238.11
356.585 237.796
407.58 216.75
409.537 215.782
410.572 215.455
429.689 215.863
437.098 216.858
459.705 213.642
486.149 221.644
516.634 235.571
559.449 241.289
571.369 240.323
590.199 241.908
592.019 241.836
605.186 238.684
606.171 238.433
607.565 238.284
608.338 238.326
623.033 240.099
624.564 240.247
625.979 240.349
627.322 240.432
630.059 240.618
631.413 240.682
632.586 240.721
636.539 240.697
637.853 240.573
638.593 240.494
639.189 240.503
356.211 239.237
410.089 216.285
411.613 215.793
429.669 216.478
437.113 217.656
459.616 214.164
486.576 222.601
517.112 237.069
557.114 242.839
570.492 241.5
590.325 242.48
604.046 239.463
626.03 241.199
627.454 241.33
628.772 241.449
630.114 241.534
631.438 241.589
632.647 241.652
639.282 241.222
356.13 240.351
357.241 240.201
363.188 238.268
410.941 216.986
412.556 216.339
429.643 217.098
437.133 218.46
459.516 214.678
487.036 223.581
517.906 238.829
519.205 239.401
554.557 244.171
566.776 243.127
567.64 242.996
569.486 242.723
588.864 242.906
590.655 242.892
603.722 240.029
627.547 242.231
628.893 242.336
630.188 242.456
631.472 242.536
632.738 242.607
633.856 242.666
635.071 242.687
639.403 242.464
357.084 241.594
358.516 241.331
360.494 240.664
362.513 239.992
411.801 217.618
413.4 216.918
429.612 217.723
437.16 219.269
459.407 215.18
487.53 224.588
520.37 241.571
522.35 242.368
524.83 242.926
554.982 245.737
558.28 245.948
559.829 245.976
560.857 245.837
561.865 245.591
563.783 245.045
564.705 244.819
565.633 244.612
567.413 244.308
568.298 244.098
569.335 243.871
590.728 243.207
592.454 243.029
602.805 240.725
630.27 243.314
631.577 243.432
632.817 243.546
635.082 243.717
636.196 243.714
637.328 243.668
638.432 243.647
358.193 242.698
359.791 242.272
361.91 241.426
412.623 218.244
414.196 217.516
429.574 218.356
437.194 220.087
459.286 215.674
488.056 225.616
525.315 245.012
527.317 245.277
555.218 247.236
561.435 246.898
562.369 246.613
592.25 243.379
601.931 241.477
632.902 244.46
636.192 244.729
637.306 244.751
638.458 244.77
359.305 243.57
362.841 242.178
413.401 218.888
414.945 218.129
429.528 218.995
437.238 220.911
459.155 216.156
488.615 226.665
527.411 246.815
555.332 248.779
591.836 243.863
593.51 243.55
601.791 242.096
631.735 245.446
635.183 245.654
636.24 245.691
359.077 244.604
360.33 244.269
362.413 243.661
414.11 219.567
415.623 218.747
416.46 218.537
429.473 219.645
437.293 221.749
459.011 216.63
489.211 227.736
527.835 247.99
529.598 248.422
552.324 250.371
593.05 244.008
594.39 243.687
599.825 242.701
601.232 242.585
601.852 242.639
631.811 246.488
633.13 246.568
634.207 246.624
636.338 246.725
358.871 245.739
416.133 219.451
417.391 219.098
429.406 220.308
437.361 222.594
458.857 217.091
489.846 228.829
530.04 249.866
549.305 251.842
592.4 244.633
593.914 244.209
595.325 243.879
597.499 243.552
598.904 243.3
599.642 243.146
600.627 243.086
633.183 247.587
634.288 247.654
636.473 247.855
358.734 247.001
359.685 246.913
416.904 220.412
418.253 219.861
429.324 220.991
437.448 223.466
458.691 217.547
490.53 229.953
530.628 251.051
539.739 252.834
542.788 253.171
545.893 253.269
549.563 253.228
589.224 245.86
590.568 245.606
594.932 244.58
596.026 244.284
596.644 244.18
597.297 244.033
598.227 243.907
631.963 248.58
634.378 248.784
635.376 248.849
359.593 248.439
360.91 248.268
417.672 221.261
419.022 220.63
429.223 221.706
429.73 221.539
430.07 221.386
430.379 221.266
430.696 221.179
431.004 221.121
431.313 221.084
431.617 221.066
431.919 221.062
432.218 221.072
432.514 221.094
432.808 221.127
433.1 221.17
433.389 221.224
433.677 221.29
433.963 221.367
434.247 221.456
434.529 221.56
434.81 221.678
435.089 221.814
435.367 221.968
435.644 222.143
435.92 222.341
436.195 222.567
436.468 222.825
436.742 223.121
437.014 223.462
437.29 223.865
437.557 224.331
437.851 224.894
438.29 225.669
438.697 226.246
439.067 226.658
439.425 226.969
439.775 227.203
440.122 227.38
440.467 227.507
440.814 227.592
441.16 227.639
441.509 227.653
441.86 227.636
442.213 227.591
442.57 227.519
442.931 227.422
443.295 227.302
443.664 227.158
444.039 226.993
444.419 226.804
444.806 226.594
445.199 226.361
445.602 226.106
446.014 225.829
446.438 225.527
446.876 225.201
447.329 224.849
447.801 224.469
448.296 224.06
448.819 223.62
449.375 223.148
449.973 222.642
450.621 222.103
451.334 221.528
452.129 220.918
453.041 220.272
454.086 219.635
455.181 219.089
456.288 218.644
457.399 218.281
458.517 217.988
459.624 217.76
460.61 217.608
461.579 217.511
462.551 217.466
463.518 217.472
464.483 217.527
465.442 217.63
466.396 217.782
467.34 217.982
468.271 218.23
469.181 218.519
470.065 218.843
470.918 219.192
471.737 219.553
472.526 219.918
473.288 220.284
474.028 220.646
474.751 221.005
475.461 221.361
476.159 221.714
476.85 222.066
477.535 222.419
478.216 222.772
478.895 223.129
479.573 223.49
480.248 223.857
480.924 224.23
481.601 224.611
482.28 225.001
482.959 225.4
483.641 225.81
484.325 226.231
485.012 226.663
485.701 227.106
486.393 227.562
487.086 228.03
487.782 228.512
488.477 229.003
489.178 229.511
489.87 230.025
490.58 230.565
491.26 231.095
531.252 252.26
533.056 252.842
536.645 253.72
542.952 254.885
545.303 254.792
549.167 254.246
587.679 246.731
632.065 249.622
634.447 249.811
635.49 249.907
360.674 249.715
362.099 249.434
363.972 248.782
418.408 222.082
419.744 221.407
429.104 222.491
437.691 225.293
451.49 221.93
492.075 232.315
533.98 254.281
537.085 255.046
586.333 247.592
630.787 250.537
632.168 250.641
633.435 250.714
634.542 250.779
363.306 250.475
419.109 222.907
420.425 222.195
428.99 223.379
437.864 226.696
450.973 222.743
493.15 233.895
534.891 255.315
584.031 248.516
585.128 248.423
634.651 251.711
362.931 251.532
419.768 223.75
421.06 222.994
428.904 224.33
437.978 227.969
450.485 223.55
494.249 235.484
533.486 255.566
535.595 256.117
552.683 255.22
554.411 254.675
556.011 254.171
557.49 253.708
558.886 253.276
560.22 252.873
561.505 252.498
562.751 252.15
563.964 251.825
565.151 251.524
566.316 251.245
567.463 250.989
568.595 250.754
569.715 250.541
570.826 250.349
571.931 250.178
573.032 250.028
574.13 249.896
575.23 249.782
576.331 249.684
577.435 249.6
578.54 249.528
579.646 249.465
580.745 249.411
581.837 249.364
582.891 249.316
583.929 249.245
585.09 249.198
586.216 249.249
587.477 249.341
588.763 249.392
590.032 249.4
591.28 249.379
592.499 249.333
593.685 249.271
594.829 249.205
595.935 249.153
597.018 249.134
598.09 249.155
599.163 249.216
600.247 249.313
601.349 249.438
602.473 249.584
603.621 249.748
604.794 249.924
605.993 250.106
607.216 250.288
608.46 250.467
609.721 250.641
610.995 250.808
612.282 250.968
613.578 251.122
614.883 251.269
616.196 251.41
617.515 251.545
618.839 251.675
620.169 251.799
621.502 251.917
622.838 252.03
624.178 252.137
625.518 252.24
626.861 252.336
628.204 252.427
629.548 252.511
630.89 252.583
632.216 252.64
633.497 252.701
634.766 252.795
636.02 252.931
361.585 252.814
420.364 224.629
421.631 223.797
422.33 223.625
428.842 225.311
438.043 229.108
449.966 224.443
450.746 223.663
452.264 222.466
453.792 221.568
455.171 220.948
456.482 220.488
457.735 220.146
458.951 219.894
460.132 219.719
461.292 219.612
462.433 219.568
463.566 219.587
464.693 219.667
465.825 219.81
466.963 220.023
468.117 220.322
469.293 220.722
470.509 221.264
495.369 237.054
496.49 237.973
498.213 239.331
499.903 240.594
501.465 241.706
502.96 242.728
504.396 243.676
505.79 244.568
507.144 245.41
508.466 246.208
509.758 246.967
511.025 247.691
512.268 248.382
513.491 249.043
514.695 249.676
515.882 250.282
517.055 250.861
518.214 251.414
519.363 251.942
520.502 252.444
521.635 252.919
522.763 253.364
523.892 253.779
525.026 254.158
526.181 254.501
527.38 254.807
531.961 255.88
533.918 256.362
535.906 256.769
538.223 257.058
540.356 257.184
542.43 257.213
544.47 257.147
546.503 256.978
548.493 256.693
550.278 256.333
594.778 250.479
636.134 254.04
361.445 254.102
362.338 254.047
422.054 224.692
423.097 224.392
428.796 226.323
438.077 230.192
449.373 225.531
470.993 222.185
496.51 238.581
527.544 255.923
532.078 256.65
533.996 256.973
593.605 251.973
594.764 251.973
634.969 255.278
636.271 255.413
362.322 255.648
363.585 255.566
422.684 225.934
423.791 225.415
427.616 226.848
428.014 227.017
428.761 227.354
438.088 231.24
448.73 226.924
471.787 223.941
497.529 239.901
527.573 256.593
530.305 257.121
532.021 257.42
591.248 253.44
592.436 253.46
633.77 256.581
635.053 256.669
636.322 256.673
637.424 256.668
363.446 257.052
364.801 256.861
423.303 227.067
424.397 226.466
427.211 227.612
427.998 227.992
428.378 228.212
438.081 232.268
448.217 228.291
472.425 225.666
498.405 241.05
526.735 257.016
527.611 257.222
528.818 257.562
530.371 257.983
531.942 258.306
587.672 254.79
588.879 254.831
590.08 254.872
632.55 257.823
633.904 257.947
635.107 258.044
636.285 258.049
637.402 257.966
364.576 258.308
365.983 258.037
423.889 228.19
424.955 227.56
427.215 228.602
438.059 233.28
447.82 229.575
472.896 227.208
499.181 242.096
531.844 259.121
586.496 256.204
636.294 259.124
365.679 259.459
424.444 229.35
425.471 228.714
427.225 229.634
438.024 234.283
447.497 230.808
473.265 228.663
499.884 243.074
530.445 259.403
584.086 257.58
585.31 257.61
636.332 260.528
637.53 260.551
365.662 260.568
366.761 260.468
424.968 230.57
425.953 229.948
427.238 230.708
437.978 235.279
447.232 232.001
473.552 230.038
500.533 244.002
501.834 244.903
530.44 259.919
580.343 259.001
581.599 258.98
582.85 258.981
636.328 262.028
637.475 261.928
366.69 261.872
368.081 261.693
425.466 231.87
426.401 231.282
427.25 231.832
427.6 232.204
437.921 236.271
447.011 233.165
473.772 231.361
502.42 245.757
529.478 260.239
579.01 260.427
632.775 263.406
633.976 263.497
635.155 263.54
367.865 263.099
369.317 262.818
425.939 233.271
426.822 232.744
427.61 233.466
437.856 237.258
446.827 234.303
473.93 232.639
502.999 246.618
528.754 260.721
577.634 261.844
578.937 261.79
591.696 262.469
592.871 262.592
594.022 262.676
631.61 264.682
369.005 264.192
426.395 234.801
427.217 234.374
427.624 234.714
437.782 238.244
446.673 235.422
474.028 233.887
503.565 247.464
529.079 261.588
576.211 263.253
586.866 263.426
588.128 263.563
589.37 263.686
590.62 263.811
594.118 264.209
595.233 264.24
596.445 264.271
597.65 264.337
598.831 264.404
600.002 264.453
631.698 266.017
633.033 266.061
635.091 266.035
368.969 265.25
426.848 236.504
437.701 239.228
446.548 236.522
474.064 235.112
504.118 248.295
529.586 262.542
530.579 263.031
532.359 263.866
534.142 264.616
535.792 265.229
537.375 265.736
538.892 266.146
540.362 266.473
541.791 266.724
543.192 266.909
544.573 267.03
545.949 267.092
547.336 267.097
548.754 267.056
550.213 266.992
551.673 266.925
553.115 266.853
554.537 266.773
555.938 266.684
557.32 266.586
558.682 266.479
560.028 266.364
561.357 266.24
562.674 266.107
563.979 265.962
565.279 265.802
566.582 265.621
567.905 265.419
569.269 265.216
570.645 265.039
572.018 264.889
573.385 264.762
574.746 264.656
576.099 264.571
577.447 264.506
578.814 264.461
580.183 264.441
581.554 264.445
582.93 264.477
584.306 264.542
585.685 264.654
600.082 265.959
601.207 265.968
630.406 267.31
631.737 267.334
632.945 267.239
634.083 267.127
635.016 267.076
368.978 266.387
370.013 266.387
426.127 239.281
427.328 238.467
437.613 240.21
446.448 237.607
474.032 236.327
504.659 249.11
529.264 263.006
547.151 268.265
566.288 266.955
584.393 265.819
601.289 267.263
602.496 267.36
603.786 267.429
605.046 267.52
606.277 267.613
607.49 267.697
608.688 267.766
609.877 267.807
632.835 268.47
370.068 267.746
426.818 240.603
427.661 240.016
437.518 241.192
446.372 238.676
473.917 237.551
505.195 249.919
528.823 263.379
545.765 268.989
566.058 267.998
582.998 266.876
584.471 266.921
585.88 266.964
609.939 269.291
611.075 269.278
627.963 270.102
629.155 270.164
630.345 270.143
631.537 270.044
632.74 269.91
369.245 268.754
370.186 268.844
371.622 269.021
373.361 269.108
374.985 268.955
427.235 242.373
437.417 242.172
446.317 239.733
473.699 238.82
475.518 238.365
476.528 238.067
505.729 250.72
529.299 264.184
545.693 269.634
565.865 268.994
585.872 267.902
587.251 267.946
611.124 270.567
612.322 270.614
625.594 271.309
626.842 271.453
374.786 270.782
376.162 270.531
377.801 270.15
379.366 269.801
380.846 269.398
426.552 245.357
427.555 244.763
437.311 243.152
446.283 240.776
476.301 239.067
477.383 238.799
478.178 238.757
478.988 238.752
506.277 251.529
528.777 264.473
529.777 264.967
545.669 270.329
565.706 270.004
587.282 268.975
588.628 269.023
612.402 271.857
613.635 271.941
624.47 272.536
380.354 271.473
381.64 271.015
427.049 247.36
437.198 244.133
446.27 241.81
479.039 239.706
480.064 239.758
480.853 239.917
483.184 240.424
505.451 251.433
528.205 264.749
545.689 271.036
565.584 271.012
566.787 270.944
588.68 270.072
613.737 273.159
614.994 273.268
623.245 273.682
374.806 272.625
377.59 272.724
381.256 272.598
382.628 272.283
384.261 271.73
385.807 271.188
387.31 270.574
425.404 250.868
437.081 245.112
446.277 242.832
480.949 241.029
481.863 241.084
482.544 241.219
483.265 241.257
484.414 241.502
485.313 241.826
487.043 242.474
506.016 252.232
527.677 265.07
545.743 271.768
566.703 271.991
588.675 271.168
590.101 271.202
615.117 274.467
616.396 274.598
623.354 274.937
373.623 273.476
374.792 273.478
376.366 273.525
377.567 273.543
386.501 272.794
423.7 253.649
436.958 246.092
446.304 243.847
485.546 242.902
486.49 243.139
487.235 243.354
488.37 243.742
489.294 244.159
491.049 244.937
495.642 246.911
496.769 247.366
497.988 247.94
499.258 248.592
500.588 249.313
501.999 250.114
503.527 251.033
506.617 253.057
528.119 265.868
545.823 272.517
566.649 272.964
590.106 272.24
591.445 272.282
616.54 275.779
617.846 275.937
619.234 276.027
620.605 276.096
621.989 276.145
386.089 274.087
387.23 273.721
388.949 273.063
423.374 255.631
436.831 247.072
446.353 244.852
489.6 245.274
490.544 245.583
491.29 245.849
492.406 246.284
493.289 246.703
494.123 247.061
494.975 247.404
504.025 251.866
505.836 252.991
507.273 253.951
528.595 266.693
545.924 273.285
566.584 273.943
591.492 273.332
592.82 273.398
616.784 276.848
388.4 274.904
389.828 274.378
391.544 273.573
423.008 257.515
436.698 248.054
446.425 245.854
506.429 254.204
507.875 254.915
509.034 255.596
510.198 256.286
511.547 257.142
529.079 267.509
546.04 274.067
566.526 274.937
592.893 274.455
594.218 274.54
615.807 277.654
390.842 275.514
392.304 274.847
422.611 259.433
436.562 249.036
446.52 246.851
512.18 258.098
528.595 267.794
529.569 268.334
546.158 274.854
566.485 275.939
594.318 275.604
614.81 278.476
391.713 276.409
393.236 275.802
420.436 262.341
436.421 250.02
446.639 247.85
513.163 259.893
530.145 269.248
545.333 275.527
566.467 276.948
567.667 276.952
594.363 276.709
595.783 276.788
613.795 279.305
392.701 277.259
420.039 264.052
436.275 251.006
446.785 248.847
513.877 261.617
530.73 270.123
545.477 276.404
567.675 277.993
595.841 277.831
597.178 277.918
613.972 280.321
385.906 278.719
392.545 278.309
393.755 278.01
419.47 265.831
421.664 263.91
436.125 251.997
446.963 249.857
514.367 263.197
515.858 263.508
516.608 263.61
517.23 263.734
517.974 263.983
518.768 264.302
519.634 264.683
520.539 265.102
521.49 265.557
522.471 266.037
523.486 266.544
524.527 267.076
525.596 267.635
526.689 268.221
527.81 268.842
528.956 269.505
530.118 270.209
531.285 270.951
545.65 277.314
567.699 278.966
597.282 278.975
598.608 279.09
612.942 281.189
384.691 279.772
385.8 279.626
393.541 279.311
420.838 265.755
435.971 252.991
447.171 250.872
514.75 264.826
532.053 272.077
545.84 278.244
567.708 279.948
598.752 280.161
611.929 282.065
393.54 280.334
409.336 275.404
410.89 274.736
412.452 273.928
414.076 272.948
415.794 271.758
417.62 270.293
419.59 268.437
435.813 253.989
447.419 251.916
515.121 266.585
531.786 272.99
546.038 279.193
567.727 280.949
568.94 280.976
598.855 281.272
610.925 282.948
393.595 281.371
394.74 281.329
396.685 281.116
398.603 280.755
400.381 280.318
402.107 279.82
403.798 279.268
405.483 278.657
407.192 278.005
416.589 272.625
435.651 254.991
447.709 252.975
515.518 268.418
532.666 274.717
546.239 280.16
568.978 282.006
598.951 282.352
600.418 282.465
608.774 283.678
609.93 283.843
414.363 275.142
416.083 273.775
417.748 272.216
419.253 270.555
435.485 256.001
448.052 254.093
515.921 270.26
533.32 276.254
534.637 276.832
535.499 277.204
546.44 281.144
569.027 282.971
600.506 283.492
601.855 283.614
607.819 284.566
418.611 271.663
419.881 270.231
420.758 269.227
421.566 268.294
435.316 257.017
448.447 255.235
516.315 272.097
535.073 278.2
535.968 278.488
546.64 282.143
569.055 283.939
602.015 284.677
605.71 285.262
606.867 285.453
421.079 269.459
421.94 268.53
422.597 267.861
423.251 267.197
435.144 258.042
448.938 256.52
516.692 273.919
534.388 279.346
546.837 283.156
569.081 284.92
602.146 285.781
603.572 285.941
604.795 286.13
422.882 268.307
423.61 267.612
424.184 267.122
434.97 259.072
439.875 253.29
440.361 252.657
440.853 252.199
441.328 251.888
441.795 251.685
442.253 251.574
442.709 251.543
443.161 251.586
443.615 251.698
444.071 251.875
444.532 252.116
444.998 252.421
445.476 252.795
445.963 253.235
446.473 253.751
446.995 254.342
447.557 255.036
448.138 255.817
448.804 256.772
449.479 257.802
517.04 275.727
518.371 275.952
534.862 280.851
547.022 284.169
569.104 285.894
603.744 287.005
423.827 268.308
424.491 267.693
425.027 267.256
425.577 266.799
434.794 260.115
436.73 257.589
437.132 256.981
437.522 256.513
437.883 256.158
438.22 255.872
438.54 255.627
438.836 255.409
439.117 255.198
439.359 254.946
439.658 254.485
518.676 277.702
535.277 282.323
546.47 285.1
567.923 286.859
603.916 288.117
425.295 267.907
425.918 267.408
426.421 267.051
426.941 266.67
434.619 261.157
436.173 259.292
439.456 257.336
439.866 257.578
518.98 279.568
534.447 283.422
546.673 286.239
567.956 287.875
569.138 287.929
602.638 289.018
426.694 267.781
427.279 267.361
427.755 267.064
428.246 266.734
434.44 262.222
435.964 260.643
439.746 261.327
519.283 281.416
520.58 281.609
533.549 284.483
546.908 287.429
547.592 287.602
569.234 288.991
602.853 290.061
428.021 267.874
428.57 267.509
429.015 267.248
429.475 266.928
429.955 266.584
430.437 266.241
430.921 265.899
431.403 265.559
431.883 265.218
432.361 264.873
432.836 264.519
433.31 264.148
433.78 263.747
434.261 263.28
434.732 262.743
435.067 262.331
435.358 262.027
435.625 261.858
435.842 261.87
439.762 264.29
440.168 264.669
440.77 264.856
520.847 283.383
533.834 285.838
547.845 288.864
569.349 289.956
601.482 290.882
440.818 268.548
441.358 268.518
521.105 285.277
522.341 285.446
534.013 287.157
548.08 290.029
569.46 290.917
601.689 291.849
441.419 271.481
442.013 271.564
522.603 287.292
534.1 288.515
535.291 288.343
536.093 288.182
536.844 288.064
537.638 288.001
538.437 287.988
539.253 288.028
540.08 288.125
540.928 288.285
541.793 288.517
542.681 288.844
548.299 291.23
552.724 291.4
553.873 291.306
556.225 291.301
557.474 291.314
566.903 291.695
568.236 291.717
569.596 291.835
601.895 292.804
442.116 274.298
442.757 274.445
522.858 289.26
542.98 289.924
548.526 292.495
551.734 292.818
553.859 292.432
555.152 292.407
557.521 292.373
558.894 292.468
559.996 292.585
561.096 292.637
562.236 292.67
563.384 292.697
564.546 292.721
565.682 292.733
569.763 292.85
600.364 293.544
442.889 277
443.578 277.206
444.362 277.096
523.13 291.247
543.386 291.603
548.766 293.807
551.82 294.378
552.613 294.382
569.922 294.474
571.506 294.569
572.804 294.652
596.759 294.241
598.604 294.267
600.557 294.391
444.482 279.925
445.185 279.788
522.171 293.004
543.706 293.292
549.021 295.152
551.293 295.853
552.832 296.327
572.817 295.997
574.202 296.017
575.458 296.069
576.737 296.063
578.069 296.024
579.429 295.963
580.829 295.88
582.264 295.782
583.743 295.677
585.26 295.57
586.82 295.469
588.413 295.378
590.046 295.303
591.704 295.249
593.394 295.224
595.036 295.218
600.736 295.262
445.255 282.035
522.436 294.919
543.928 294.882
544.987 295.017
549.291 296.517
550.759 297.111
551.587 297.437
553.119 297.959
593.406 296.248
595.124 296.289
600.91 296.443
445.406 283.798
522.674 296.838
545.11 296.439
546.514 296.733
547.098 296.925
547.707 297.118
548.323 297.336
548.949 297.586
549.572 297.866
550.225 298.189
551.079 298.603
551.895 298.955
553.451 299.621
554.309 299.988
555.605 300.419
556.871 300.71
558.049 300.902
559.187 301.026
560.286 301.099
561.36 301.13
562.416 301.111
563.47 301.01
593.356 297.676
595.181 297.615
600.974 297.638
603.174 297.682
445.6 285.641
446.238 285.911
522.892 298.786
545.209 298.108
546.141 298.131
550.571 299.631
551.39 300.052
552.203 300.407
553.02 300.81
563.443 303.486
564.407 303.207
577.617 301.569
603.097 298.742
446.506 288.036
523.105 300.794
545.317 299.79
546.27 299.734
564.342 305.006
565.448 304.898
566.769 304.611
576.269 303.847
577.413 303.945
578.352 303.78
602.952 300.023
446.788 289.81
462.243 295.04
522.149 302.644
544.387 301.462
545.421 301.45
546.313 301.35
566.65 306.548
573.651 305.875
574.93 305.948
577.943 305.855
579.028 305.461
602.855 301.283
447.093 291.627
447.79 292.063
460.595 296.56
461.665 297.121
462.67 297.634
463.478 297.866
464.412 297.923
465.372 297.996
466.317 298.018
467.267 297.941
515.281 303.085
516.501 303.507
522.389 304.682
523.514 304.838
524.433 304.867
525.309 304.823
526.187 304.769
527.066 304.711
527.951 304.633
532.639 304.268
533.551 304.238
534.453 304.146
546.371 302.926
566.66 307.758
567.697 307.784
570.842 307.72
572.296 307.776
578.607 307.209
579.829 306.809
602.704 302.497
604.881 302.335
448.207 294.158
449.147 294.68
459.938 298.212
467.306 300.333
468.169 300.059
514.359 304.487
515.787 305.071
516.962 305.616
517.966 305.915
519.111 306.126
520.264 306.33
521.431 306.511
527.961 306.48
528.826 306.343
529.799 306.2
530.77 306.123
531.74 306.079
533.568 306.066
534.444 305.979
535.3 305.81
546.483 304.664
567.836 309.162
569.249 309.332
579.398 308.382
604.654 303.431
449.489 296.568
450.495 297.052
459.099 299.597
468.136 301.89
469.103 301.709
516.156 306.624
532.706 307.59
533.536 307.407
535.273 307.363
536.177 307.249
544.532 306.452
545.53 306.399
546.558 306.34
579.237 309.564
580.287 309.384
604.33 304.733
450.819 298.814
451.897 299.33
453.108 299.689
459.47 301.432
469.076 303.379
470.11 303.235
516.452 308.328
536.147 308.693
540.407 308.294
543.55 308.113
544.598 308.131
545.504 308.068
546.528 307.811
547.457 307.588
548.245 307.495
580.092 310.792
581.458 310.563
604.047 305.998
606.188 305.745
453.416 301.619
454.509 301.951
455.757 302.221
459.767 303.183
470.062 304.809
516.738 310.061
536.201 309.913
537.1 309.932
538.242 309.92
539.377 309.905
540.456 309.922
541.407 309.88
542.47 309.768
543.568 309.684
546.396 309.44
548.249 308.81
581.175 311.914
582.644 311.635
584.511 311.085
605.903 306.866
456.008 304.005
457.192 304.291
458.591 304.566
470.159 306.091
471.063 306.109
515.626 311.511
546.308 310.719
547.165 310.574
548.22 310.412
583.885 312.622
605.488 308.198
607.455 307.945
471.147 307.607
513.175 312.726
514.508 312.998
583.527 313.612
607.203 309.136
471.316 308.894
472.243 308.986
505.429 312.447
508.212 313.294
509.532 313.685
510.808 313.994
512.121 314.253
583.265 314.56
606.82 310.515
608.703 310.288
472.382 310.447
504.408 313.692
505.934 314.226
507.223 314.642
583.053 315.584
608.491 311.526
472.595 311.714
473.55 311.858
504.861 315.343
506.333 315.742
507.591 316.1
582.879 316.641
608.19 312.948
473.735 313.291
503.695 316.454
505.363 316.983
582.725 317.683
607.971 314.304
473.992 314.54
474.976 314.738
505.709 318.292
581.618 318.932
582.547 318.788
607.758 315.588
475.229 316.161
476.454 316.364
501.266 318.735
502.859 319.161
504.413 319.513
582.447 320.202
585.872 319.967
607.489 316.845
609.63 316.511
476.599 317.721
477.871 317.861
499.988 319.727
581.526 321.351
582.43 321.322
583.849 321.349
585.749 321.312
609.299 317.669
477.951 319.159
479.273 319.258
500.392 321.042
583.823 322.786
608.854 319.055
610.75 318.742
479.282 320.489
500.703 322.269
583.711 323.786
610.468 320.003
479.437 321.52
500.958 323.49
582.653 324.874
583.588 324.807
610.088 321.465
479.612 322.609
499.172 324.428
501.22 324.688
583.622 326.277
609.769 322.869
611.692 322.551
479.856 323.793
480.87 324.034
501.335 325.701
583.788 327.469
584.851 327.546
611.396 323.827
481.197 325.369
499.394 326.766
584.984 328.867
588.415 328.686
611.03 325.339
481.558 326.513
482.684 326.788
499.418 327.897
501.487 327.915
585.201 329.971
586.363 330.075
588.25 330.052
610.763 326.796
483.022 328.053
501.332 328.915
586.498 331.278
610.529 328.194
483.427 329.16
484.615 329.477
501.091 330.141
586.703 332.333
587.845 332.415
589.616 332.383
610.291 329.571
485.045 330.718
486.559 331.101
488.318 331.357
490.007 331.528
500.889 331.374
589.526 333.824
610.045 330.932
490.102 332.913
491.571 332.982
493.302 332.978
500.641 332.599
502.505 332.374
589.526 334.799
609.786 332.29
493.251 334.25
494.824 334.261
496.647 334.186
498.448 334.082
502.142 333.552
589.64 335.779
590.798 335.877
609.513 333.65
498.168 335.363
499.812 335.186
591.044 337.107
592.609 337.203
594.555 337.067
609.224 335.024
594.355 338.417
608.935 336.436
594.334 339.312
595.727 339.277
606.762 338.1
595.756 340.318
604.517 339.582
595.965 341.177
599.807 341.186
604.376 340.784
596.209 342.04
597.63 342.198
599.923 342.338
601.824 342.256
604.15 341.946
601.638 343.235
603.698 342.913
595.475 343.476
592.993 344.046
594.306 344.149
595.608 344.243
591.859 344.86
593.04 344.888
