489.115 181.987
490.039 181.552
487.594 183.701
489.374 182.935
372.839 178.865
373.926 179.107
374.997 179.342
376.06 179.57
377.12 179.795
378.18 180.018
379.241 180.241
380.303 180.466
381.367 180.693
382.433 180.925
383.502 181.16
384.573 181.401
385.647 181.648
386.724 181.901
387.804 182.162
388.888 182.431
389.975 182.708
391.066 182.996
392.161 183.295
393.261 183.605
394.366 183.929
395.478 184.268
396.596 184.624
397.722 184.999
398.857 185.397
400.003 185.819
401.161 186.272
402.334 186.761
403.525 187.293
404.74 187.881
405.984 188.539
407.264 189.291
408.553 190.135
409.744 190.971
410.822 191.73
411.823 192.425
412.774 193.08
413.684 193.707
414.538 194.29
415.337 194.815
416.093 195.294
416.817 195.735
417.516 196.144
418.196 196.528
418.857 196.886
419.504 197.226
420.138 197.549
420.762 197.853
421.377 198.144
421.983 198.421
422.582 198.685
423.174 198.938
423.761 199.18
424.342 199.412
424.919 199.634
425.491 199.847
426.06 200.052
426.625 200.25
427.187 200.439
427.745 200.619
428.302 200.792
428.855 200.959
429.406 201.119
429.955 201.273
430.502 201.42
431.047 201.561
431.59 201.696
432.132 201.825
432.671 201.947
433.209 202.064
433.745 202.175
434.28 202.28
434.813 202.379
435.345 202.473
435.875 202.561
436.405 202.643
436.933 202.719
437.46 202.79
437.986 202.855
438.511 202.914
439.036 202.967
439.559 203.015
440.082 203.057
440.605 203.093
441.127 203.124
441.648 203.148
442.169 203.167
442.69 203.18
443.211 203.187
443.732 203.188
444.253 203.183
444.774 203.172
445.296 203.155
445.818 203.132
446.34 203.103
446.862 203.067
447.386 203.025
447.91 202.976
448.435 202.92
448.962 202.856
449.49 202.785
450.019 202.706
450.552 202.618
451.087 202.519
451.626 202.409
452.172 202.287
452.725 202.16
453.281 202.034
453.839 201.909
454.398 201.784
454.958 201.658
455.518 201.53
456.078 201.399
456.637 201.265
457.197 201.128
457.756 200.988
458.315 200.843
458.873 200.694
459.43 200.541
459.988 200.382
460.544 200.218
461.101 200.048
461.657 199.871
462.214 199.687
462.771 199.496
463.328 199.297
463.886 199.09
464.445 198.874
465.006 198.647
465.569 198.41
466.135 198.161
466.705 197.898
467.28 197.621
467.86 197.328
468.448 197.018
469.044 196.689
469.652 196.335
470.274 195.954
470.914 195.544
471.578 195.095
472.273 194.601
473.009 194.05
473.802 193.424
474.675 192.704
475.654 191.884
476.718 191.033
477.787 190.247
478.839 189.53
479.878 188.865
480.907 188.241
481.928 187.648
482.943 187.08
483.955 186.532
484.966 186
485.977 185.478
487.01 184.955
488.825 184.025
371.996 179.572
373.133 179.827
408.229 190.605
414.196 194.98
451.317 204.003
473.253 194.849
488.266 185.087
371.12 180.28
373.391 180.715
409.083 191.655
414.839 195.733
451.198 204.406
472.501 195.83
487.753 186.078
488.584 185.694
489.695 185.2
490.811 184.704
491.887 184.22
492.953 183.731
497.3 181.759
370.237 180.984
371.383 181.213
373.623 181.622
409.841 192.559
415.257 196.193
451.135 204.57
471.998 196.456
492.381 184.891
493.414 184.4
494.566 183.856
495.69 183.367
496.754 182.938
497.703 182.522
498.801 181.993
361.443 180.367
370.472 181.891
371.624 182.095
372.687 182.289
410.519 193.377
415.697 196.672
451.064 204.746
471.493 197.106
498.21 183.123
499.269 182.629
500.449 182.067
502.785 181.013
360.537 181.074
361.695 181.294
362.778 181.487
363.895 181.667
372.918 183.146
374.092 183.357
375.17 183.539
411.126 194.126
416.092 197.106
451.003 204.898
471.063 197.68
499.894 183.119
501.015 182.625
502.227 182.104
503.288 181.642
504.487 181.088
510.632 178.482
529.109 171.936
359.566 181.739
360.785 181.952
364.127 182.579
365.229 182.764
366.37 182.949
367.508 183.142
368.638 183.335
369.767 183.524
370.896 183.706
372.019 183.881
373.14 184.052
374.274 184.212
375.359 184.366
411.676 194.826
416.465 197.527
450.941 205.055
470.663 198.254
471.144 197.94
503.908 182.127
505.068 181.61
506.36 181.032
507.627 180.497
508.879 179.988
510.104 179.514
511.208 179.064
512.491 178.516
513.783 177.992
515.061 177.486
516.343 176.983
525.948 173.56
527.379 173.13
528.805 172.734
360.995 182.765
375.545 185.259
412.177 195.484
416.783 197.915
417.556 198.339
450.883 205.208
470.727 198.579
515.796 177.938
517.057 177.429
522.704 175.331
524.134 174.852
525.549 174.404
527.078 173.973
361.178 183.596
362.406 183.788
374.596 185.903
375.688 186.045
412.636 196.11
417.742 198.62
418.33 198.924
450.826 205.363
470.498 198.987
471.101 198.615
512.864 179.577
514.179 179.057
515.44 178.592
516.633 178.187
520.843 176.71
522.211 176.228
523.755 175.731
362.595 184.594
374.765 186.692
375.853 186.856
413.055 196.709
418.559 199.234
450.771 205.515
470.729 199.161
509.97 181.212
511.223 180.691
362.773 185.42
364.005 185.607
376.058 187.673
413.441 197.286
418.77 199.577
450.716 205.669
470.526 199.513
508.312 182.397
530.439 175.383
531.919 175.005
533.366 174.689
669.962 173.051
364.2 186.411
375.164 188.282
376.256 188.449
413.794 197.845
418.954 199.902
419.578 200.148
420.01 200.328
450.662 205.82
470.301 199.874
506.723 183.573
527.15 176.996
528.647 176.565
531.698 175.783
533.198 175.48
669.572 173.962
670.481 174.386
673.686 175.07
674.474 175.214
675.236 175.266
364.391 187.236
414.119 198.39
420.145 200.56
420.668 200.788
450.609 205.975
470.05 200.281
504.066 185.182
505.208 184.711
523.762 178.704
525.275 178.234
528.382 177.377
529.877 177.089
669.142 174.708
670.943 175.589
671.477 175.711
672.304 175.917
673.165 176.128
675.326 176.534
676.007 176.417
364.593 188.054
414.413 198.922
420.85 201.075
421.364 201.282
450.556 206.127
469.812 200.688
502.52 186.352
521.86 180.014
526.513 178.696
668.604 175.295
675.977 177.353
364.793 188.857
366.07 189.041
414.678 199.444
421.529 201.562
422.041 201.757
450.503 206.28
469.583 201.106
499.942 187.978
501.037 187.511
505.715 185.931
506.935 185.582
517.257 182.218
518.683 181.748
520.079 181.314
526.29 179.728
528.001 179.32
529.442 178.945
530.921 178.547
532.405 178.167
669.193 176.381
676.019 178.053
366.267 189.825
367.46 190.009
414.912 199.955
422.196 202.031
422.701 202.213
450.45 206.432
469.374 201.522
498.415 189.199
499.479 188.717
500.659 188.236
501.759 187.879
502.965 187.538
504.197 187.187
506.616 186.493
514.096 184.051
515.444 183.581
524.285 181.211
525.96 180.797
532.124 178.972
533.658 178.634
549.306 175.444
550.754 175.173
552.221 174.95
668.586 176.905
676.07 178.763
367.723 190.827
415.113 200.46
422.851 202.487
423.348 202.657
423.783 202.837
450.396 206.588
469.194 201.946
469.613 201.792
496.958 190.433
506.299 187.392
507.475 187.051
508.673 186.695
509.86 186.319
511.072 185.902
512.331 185.458
533.311 179.624
534.76 179.259
539.708 178.204
542.326 177.621
543.668 177.325
545.022 177.044
546.368 176.778
547.691 176.518
552.116 175.697
667.9 177.34
676.146 179.505
368.008 191.675
415.274 200.955
423.965 203.082
450.341 206.74
469.433 202.265
496.506 191.252
509.446 187.315
510.58 186.923
534.344 180.323
535.729 179.939
536.924 179.671
538.126 179.388
539.381 179.072
540.794 178.757
551.91 176.726
553.53 176.45
554.824 176.243
556.12 176.058
557.479 175.894
558.849 175.766
668.48 178.333
676.253 180.263
367.016 192.265
368.349 192.516
369.564 192.754
370.649 192.97
371.678 193.197
415.388 201.446
424.18 203.425
450.283 206.896
469.347 202.576
496.112 192.05
510.163 188.1
511.388 187.804
512.772 187.45
514.155 187.12
558.818 176.552
667.733 178.733
676.39 181.038
369.948 193.576
371.081 193.858
372.137 194.148
372.936 194.32
373.833 194.414
374.764 194.495
415.441 201.93
423.734 203.552
450.223 207.051
469.248 202.893
469.751 202.727
495.769 192.815
513.787 188.392
515.1 188.052
516.579 187.658
518.031 187.297
519.455 186.93
558.717 177.62
562.54 177.218
666.882 179.046
676.555 181.83
369.153 194.128
374.934 195.352
400.916 199.484
402.141 199.775
403.347 200.046
404.568 200.309
405.807 200.572
407.069 200.837
408.354 201.104
409.667 201.373
411.01 201.642
412.399 201.91
413.836 202.168
415.398 202.416
416.924 202.604
423.831 203.82
424.494 203.981
450.158 207.207
450.61 207.149
451.201 207.069
451.817 206.985
452.422 206.899
453.021 206.811
453.611 206.723
454.192 206.632
454.764 206.541
455.329 206.448
455.884 206.355
456.431 206.26
456.969 206.164
457.499 206.067
458.021 205.969
458.534 205.87
459.038 205.769
459.535 205.668
460.022 205.566
460.502 205.462
460.972 205.358
461.434 205.252
461.886 205.146
462.329 205.039
462.764 204.931
463.189 204.824
463.605 204.716
464.012 204.608
464.409 204.502
464.797 204.396
465.175 204.293
469.63 203.111
494.519 193.86
495.48 193.528
519.011 188.2
520.367 187.819
521.885 187.378
523.37 186.968
524.823 186.547
542.364 182.04
543.687 181.815
545.017 181.557
546.38 181.271
547.777 180.964
549.216 180.633
550.695 180.275
555.41 179.224
556.95 178.978
558.515 178.736
561.212 178.292
562.36 178.077
563.784 177.913
667.374 179.91
668.807 180.471
676.75 182.641
368.043 194.537
369.677 194.882
375.051 195.92
395.037 198.868
396.265 199.133
397.484 199.384
398.722 199.635
400.013 199.906
416.655 202.981
417.523 202.996
424.523 204.19
450.089 207.366
465.097 204.561
465.466 204.467
465.817 204.378
466.16 204.289
466.498 204.2
466.828 204.114
467.153 204.03
467.472 203.947
467.788 203.865
468.102 203.78
468.421 203.689
468.753 203.591
469.133 203.48
469.591 203.343
493.171 194.978
524.265 187.846
525.646 187.399
535.078 184.721
537.845 184.133
540.643 183.562
550.179 181.489
551.683 181.072
553.422 180.634
560.967 179.265
562.139 179.083
563.677 178.873
669.086 181.202
676.979 183.473
369.995 195.437
375.229 196.461
375.997 196.582
382.067 197.396
383.221 197.586
384.351 197.755
385.487 197.909
387.896 198.245
389.114 198.448
390.323 198.648
391.551 198.852
392.804 199.065
394.108 199.303
417.335 203.318
418.074 203.366
423.902 204.323
425.8 204.66
450.017 207.528
469.001 203.76
491.841 196.132
525.164 188.479
526.619 188.069
533.233 186.244
534.733 185.976
536.019 185.733
537.441 185.426
538.761 185.123
551.238 182.021
553.038 181.596
554.891 181.166
556.494 180.824
668.258 181.693
677.256 184.335
677.862 184.556
370.225 196.067
376.319 197.225
377.374 197.404
378.632 197.562
379.882 197.727
381.141 197.907
385.691 198.601
386.825 198.724
418 203.721
423.9 204.565
424.551 204.644
425.006 204.698
425.402 204.749
425.825 204.822
449.949 207.691
468.49 204.296
468.822 204.157
490.588 197.283
491.424 196.963
526.2 189.075
532.903 187.368
549.411 183.175
556.271 181.531
557.937 181.253
559.36 181.065
667.468 182.096
678.228 185.527
679.074 185.807
370.519 196.72
417.899 204.12
425.899 205.043
449.883 207.854
468.68 204.766
469.264 204.615
491.05 197.888
492.001 197.598
525.991 189.899
527.315 189.624
530.896 188.799
535.36 187.738
549.016 184.011
559.199 181.866
560.7 181.679
562.036 181.566
563.39 181.458
666.647 182.42
679.309 186.652
369.118 197.109
370.87 197.348
416.951 204.37
425.977 205.314
426.604 205.431
449.817 208.018
469.101 205.092
491.69 198.428
527.106 190.522
528.714 190.2
533.65 188.995
534.982 188.611
547.244 185.205
563.355 182.258
662.363 181.366
664.024 181.953
665.731 182.648
679.588 187.365
371.086 197.856
416.987 204.725
426.589 205.637
427.1 205.714
449.751 208.182
469.057 205.391
490.575 199.392
527.009 191.285
528.442 191.029
531.867 190.234
544.151 186.751
545.529 186.405
563.259 183.331
564.782 183.198
661.104 181.635
664.51 182.721
679.895 188.114
680.629 188.444
681.777 188.886
369.558 198.275
416.027 204.902
427.106 205.936
433.823 207.441
434.299 207.56
434.753 207.67
435.192 207.771
435.62 207.864
436.04 207.949
436.454 208.028
436.866 208.1
437.276 208.168
437.686 208.23
438.095 208.287
438.505 208.339
438.916 208.387
439.328 208.43
439.742 208.47
440.157 208.505
440.574 208.536
440.991 208.563
441.41 208.586
441.83 208.606
442.251 208.622
442.672 208.634
443.093 208.642
443.514 208.647
443.934 208.649
444.354 208.647
444.773 208.641
445.192 208.633
445.608 208.621
446.024 208.606
446.438 208.588
446.85 208.567
447.261 208.543
447.67 208.517
448.076 208.488
448.481 208.456
448.883 208.422
449.286 208.386
449.683 208.347
469.003 205.7
490.323 200.167
526.912 192.036
530.015 191.467
531.47 191.075
540.915 188.363
542.358 187.949
543.791 187.579
545.263 187.272
564.646 184.225
624.903 174.954
627.213 174.824
629.519 174.817
631.762 174.9
633.983 175.059
636.2 175.29
638.43 175.595
640.692 175.987
642.999 176.487
645.384 177.138
647.716 177.943
649.584 178.705
651.106 179.338
652.462 179.865
653.731 180.316
654.959 180.714
656.177 181.077
657.403 181.416
658.656 181.743
659.933 182.058
665.02 183.554
682.069 189.812
683.053 190.133
369.755 198.825
416.137 205.246
427.039 206.189
427.624 206.243
428.021 206.297
433.463 207.475
449.612 208.512
468.945 206.039
490.106 200.945
525.482 192.989
528.196 192.533
529.68 192.232
531.102 191.884
539.026 189.686
541.999 188.788
543.552 188.493
545.008 188.259
562.891 185.526
564.48 185.345
620.442 176.008
622.427 175.741
646.196 177.954
660.131 182.869
665.435 184.338
683.209 190.856
369.889 199.351
415.198 205.395
428.022 206.487
432.446 207.347
433.026 207.477
433.626 207.632
449.546 208.667
468.899 206.388
489.935 201.717
490.746 201.569
524.028 193.965
526.67 193.511
529.407 192.995
538.533 190.618
564.3 186.336
617.995 177.048
647.445 179.478
660.28 183.522
665.764 185.073
681.673 190.612
682.542 191.019
369.964 199.869
414.203 205.503
427.97 206.759
428.516 206.802
429.233 206.888
429.642 206.942
430.082 207.012
430.542 207.094
431.016 207.185
431.504 207.283
431.988 207.382
433.139 207.626
433.831 207.806
449.484 208.821
468.863 206.745
490.634 202.375
491.624 202.205
492.762 201.937
523.876 194.724
525.176 194.505
527.84 194.037
536.805 191.925
564.036 187.44
615.843 178.165
648.319 180.947
660.459 184.155
666.06 185.793
676.027 188.799
678.869 189.866
680.363 190.53
681.115 190.878
369.994 200.384
414.344 205.812
428.44 207.037
428.878 207.048
434.024 208.026
449.425 208.975
468.839 207.107
492.53 202.801
493.574 202.543
494.736 202.211
527.63 194.813
536.38 192.892
563.795 188.562
612.322 179.616
613.914 179.268
648.869 182.261
658.278 184.261
659.458 184.479
660.691 184.782
666.355 186.512
675.481 189.287
676.13 189.407
677.734 190.007
678.389 190.277
679.048 190.517
679.914 190.895
369.985 200.897
414.421 206.108
415.606 206.285
416.374 206.391
434.187 208.284
449.368 209.128
468.828 207.474
494.425 203.083
495.503 202.772
527.431 195.601
536.024 193.834
562.013 189.896
610.259 180.938
649.218 183.513
657.355 184.853
666.654 187.248
675.644 190.004
676.335 190.234
677.311 190.572
677.952 190.76
678.716 191.094
369.939 201.413
416.414 206.66
434.333 208.538
449.312 209.283
468.83 207.845
495.206 203.544
496.316 203.25
497.572 202.862
527.25 196.392
534.506 195.046
560.211 191.192
565.78 190.043
567.026 189.79
608.537 182.395
649.412 184.72
657.432 185.687
666.941 188.002
675.253 190.575
675.847 190.751
676.714 191.158
369.861 201.932
415.561 206.896
434.45 208.782
449.256 209.436
468.845 208.22
497.178 203.712
498.345 203.339
525.846 197.377
534.202 196.019
558.385 192.512
559.986 192.263
562.903 191.61
564.177 191.26
566.857 190.659
608.205 183.63
649.476 185.906
657.51 186.539
667.2 188.761
674.203 190.848
674.882 191.082
675.523 191.365
369.773 202.466
415.64 207.244
434.54 209.018
449.198 209.59
468.875 208.597
497.949 204.093
525.712 198.163
533.968 196.992
556.58 193.796
561.145 192.983
566.665 191.776
568.114 191.614
608.175 184.853
609.303 184.944
649.411 187.084
657.566 187.359
667.414 189.518
672.44 190.943
673.117 191.125
673.778 191.351
367.871 203.099
415.727 207.587
434.609 209.249
449.137 209.744
468.919 208.981
497.685 204.727
525.601 198.946
533.791 197.955
556.367 194.826
558.067 194.52
559.4 194.247
567.919 192.706
609.648 186.324
649.19 188.278
652.276 188.108
656.682 188.13
667.573 190.262
669.363 190.75
671.988 191.524
367.803 203.613
415.809 207.935
434.66 209.475
449.071 209.899
468.979 209.368
469.411 209.389
470.539 209.41
471.783 209.386
472.938 209.328
474.052 209.247
475.123 209.15
476.166 209.039
477.181 208.92
478.175 208.792
479.15 208.659
480.109 208.522
481.053 208.381
481.985 208.238
482.905 208.094
483.816 207.948
484.718 207.803
485.615 207.657
486.506 207.511
487.394 207.364
488.281 207.217
489.169 207.068
490.06 206.916
490.956 206.759
491.856 206.596
492.764 206.425
493.678 206.245
494.602 206.052
495.532 205.847
496.477 205.624
497.414 205.385
524.262 199.866
533.657 198.917
567.669 193.927
607.386 186.695
608.717 186.902
610.113 187.301
651.777 189.173
655.782 189.096
669.426 191.443
671.666 192.222
367.673 204.132
415.891 208.289
434.695 209.699
448.997 210.055
469.057 209.763
497.146 206.068
498.121 205.819
524.198 200.626
533.564 199.881
567.449 195.14
589.069 189.783
590.699 189.145
592.358 188.646
593.958 188.271
595.508 187.982
597.01 187.76
598.47 187.592
599.888 187.473
601.265 187.399
602.603 187.371
603.894 187.39
605.142 187.461
606.292 187.564
651.17 190.655
655.621 190.085
667.789 191.799
669.598 192.328
671.969 193.11
365.625 204.883
415.973 208.651
434.719 209.921
448.912 210.214
469.151 210.158
497.842 206.53
524.162 201.382
533.518 200.853
534.62 200.795
567.233 196.337
587.077 191.593
648.122 192.409
655.426 191.067
669.719 193
671.739 193.768
365.453 205.403
416.055 209.021
434.732 210.14
448.808 210.377
449.231 210.329
449.924 210.268
450.672 210.219
451.39 210.18
452.089 210.146
452.763 210.116
453.417 210.089
454.051 210.063
454.667 210.038
455.266 210.015
455.849 209.993
456.417 209.973
456.971 209.953
457.512 209.934
458.039 209.916
458.555 209.9
459.06 209.885
459.554 209.871
460.037 209.858
460.512 209.847
460.976 209.837
461.433 209.83
461.881 209.824
462.321 209.82
462.754 209.819
463.18 209.821
463.6 209.825
464.014 209.833
464.422 209.846
464.827 209.863
465.229 209.889
465.631 209.927
469.265 210.563
496.642 207.43
524.157 202.126
534.616 201.823
567.002 197.537
568.401 197.286
586.466 193.029
647.846 193.768
655.254 191.905
669.773 193.807
671.351 194.358
365.195 205.938
416.136 209.401
434.737 210.359
448.686 210.558
465.689 210.23
466.11 210.292
466.458 210.36
467.116 210.464
467.453 210.504
467.803 210.561
468.15 210.636
469.381 210.949
496.37 208.158
497.24 207.946
524.183 202.865
534.642 202.736
568.125 198.484
586.098 194.459
587.101 194.313
647.353 195.172
655.134 192.725
667.833 194.087
669.891 194.577
362.91 206.894
364.92 206.472
416.214 209.79
434.735 210.578
448.578 210.771
466.525 210.731
466.877 210.779
468.254 211.003
468.626 211.116
468.931 211.228
469.209 211.307
469.507 211.37
496.965 208.749
498.021 208.475
524.241 203.587
534.642 203.664
566.523 200.033
587.027 195.82
646.607 196.77
649.459 195.529
651.2 194.634
652.568 194.008
653.903 193.573
655.098 193.394
656.343 193.417
658.005 193.55
659.696 193.722
661.366 193.929
663.037 194.178
664.697 194.472
666.25 194.77
670.158 195.675
672.335 196.677
673.576 197.598
364.52 206.958
416.287 210.192
434.728 210.795
448.52 210.994
469.396 211.829
469.785 212.07
497.657 209.268
498.765 208.917
500.206 208.368
501.899 207.769
503.68 207.213
505.488 206.711
507.301 206.266
509.109 205.887
524.338 204.305
534.644 204.622
564.971 201.488
566.315 201.312
584.878 196.86
585.964 196.775
645.709 198.709
673.233 199.373
674.561 199.996
363.826 207.627
416.353 210.606
434.718 211.013
448.504 211.217
470.032 212.673
498.272 209.766
499.435 209.31
508.902 206.547
510.819 206.219
512.339 206.008
513.85 205.787
515.402 205.573
516.942 205.386
518.476 205.226
519.993 205.098
521.501 205.007
522.994 204.962
524.473 204.986
534.658 205.59
563.465 202.831
583.608 198.226
644.928 201.034
672.12 202.088
363.099 208.353
416.408 211.035
434.706 211.229
448.521 211.441
470.233 213.338
470.673 213.464
498.812 210.472
500.208 210.051
524.634 205.756
534.676 206.553
563.385 203.989
581.524 199.867
582.479 199.649
644.49 203.432
672.922 205.368
675.431 206.363
362.298 209.143
364.274 208.375
416.446 211.481
434.693 211.447
448.563 211.665
470.871 214.178
499.674 211.122
501.288 210.693
524.775 207.019
526.482 207.063
533.621 207.526
561.831 205.271
579.493 201.407
580.439 201.246
581.34 201.096
642.55 206.081
675.649 208.586
363.208 209.23
364.867 208.484
366.222 207.95
367.644 207.464
369.069 207.053
370.483 206.706
371.887 206.415
373.287 206.172
374.685 205.971
376.087 205.807
377.496 205.678
378.917 205.582
380.355 205.516
381.812 205.48
383.293 205.473
384.802 205.496
386.342 205.549
387.92 205.635
389.54 205.754
391.207 205.912
392.933 206.111
394.724 206.36
396.603 206.671
398.583 207.062
400.726 207.575
402.919 208.226
404.613 208.829
405.894 209.321
406.951 209.723
407.867 210.06
408.704 210.35
409.485 210.607
410.231 210.835
410.951 211.04
411.653 211.224
412.344 211.39
413.027 211.537
413.706 211.666
414.383 211.776
415.064 211.864
415.749 211.926
416.46 211.954
417.155 211.939
417.606 211.909
418.017 211.884
418.449 211.87
418.884 211.864
419.327 211.863
419.771 211.866
420.22 211.871
420.672 211.877
421.125 211.882
421.579 211.886
422.036 211.887
422.495 211.886
422.957 211.88
423.421 211.868
423.89 211.85
424.369 211.821
424.87 211.782
425.409 211.744
425.968 211.718
426.533 211.701
427.103 211.691
427.677 211.685
428.257 211.682
428.842 211.681
429.434 211.682
430.034 211.683
430.644 211.683
431.265 211.683
431.903 211.682
432.556 211.678
433.235 211.673
433.938 211.666
434.683 211.659
448.627 211.891
471.039 214.775
471.537 214.869
500.793 211.608
526.465 208.223
532.618 208.588
560.238 206.5
576.415 202.983
577.47 202.794
578.434 202.701
581.429 202.973
582.641 203.544
584.097 204.215
585.65 204.886
587.231 205.46
588.831 205.954
590.452 206.379
592.088 206.738
593.735 207.038
595.386 207.287
597.037 207.494
598.688 207.669
600.339 207.82
601.991 207.953
603.646 208.073
605.307 208.183
606.976 208.282
608.655 208.372
610.348 208.452
612.055 208.517
613.781 208.566
615.528 208.595
617.299 208.599
619.096 208.577
620.925 208.525
622.792 208.436
642.553 208.546
644.249 208.576
646.621 208.731
649.064 209.002
651.37 209.278
653.561 209.544
655.652 209.81
657.673 210.078
659.638 210.338
661.566 210.572
663.477 210.752
665.415 210.885
667.462 211.088
675.724 211.878
677.624 211.666
361.818 210.464
401.588 208.082
424.295 212.173
434.668 211.892
448.71 212.119
471.657 215.512
500.687 212.166
526.309 209.598
527.892 209.485
532.632 209.683
533.621 209.742
534.921 209.878
536.278 210.021
537.638 210.117
539.005 210.157
540.373 210.144
541.744 210.082
543.121 209.972
544.513 209.817
545.934 209.618
558.527 207.721
573.166 204.735
574.251 204.457
575.261 204.283
576.221 204.109
622.66 210.49
624.519 210.295
642.794 211.06
663.841 214.704
667.819 214.796
670.016 215.16
677.616 214.619
679.772 214.436
360.563 211.868
361.776 211.329
403.094 209.178
424.219 212.614
434.618 212.24
448.812 212.351
471.782 216.07
499.413 212.911
527.741 210.759
528.98 210.626
529.903 210.673
530.821 210.714
531.746 210.754
545.685 210.867
547.125 210.583
548.666 210.277
550.257 209.992
551.859 209.733
553.464 209.486
555.077 209.244
556.702 208.997
558.384 208.729
560.121 208.426
561.535 208.166
571.917 206.187
576.23 205.861
624.322 212.08
643.257 213.607
664.241 219.068
670.352 219.499
675.709 219.69
677.365 218.888
678.872 217.783
679.492 217.326
679.9 217.012
360.638 212.935
404.143 210.202
424.165 213.084
434.529 212.614
448.93 212.583
471.897 216.649
472.368 216.735
498.237 213.657
499.337 213.534
527.5 212.294
545.388 212.249
561.334 209.131
562.807 208.881
563.922 208.766
567.865 208.147
568.912 207.889
569.935 207.719
570.862 207.604
576.436 208.344
624.186 213.701
626.082 213.535
643.944 216.221
664.698 223.722
670.522 224.417
672.496 224.587
674.019 224.649
675.488 224.374
678.608 221.711
359.973 214.142
404.824 211.08
424.13 213.558
434.41 212.994
449.068 212.826
472.49 217.398
473.121 217.457
495.901 214.776
496.943 214.492
527.33 213.884
545.099 213.778
563.734 209.967
564.931 209.771
565.852 209.702
566.723 209.559
576.648 210.858
625.866 215.166
628.101 214.941
630.785 214.773
644.881 218.953
662.085 227.39
663.741 228.284
665.23 228.896
666.738 229.304
668.572 229.568
670.53 229.646
673.531 229.719
676.387 226.99
359.365 215.33
405.305 211.895
424.11 214.038
434.264 213.393
449.221 213.066
473.132 218.038
494.61 215.952
527.225 215.462
544.877 215.38
576.857 213.31
627.674 216.423
630.427 216.192
634.193 216.513
637.01 217.264
646.128 221.894
653.346 226.668
655.502 228.091
657.424 229.171
659.258 230.036
661.143 230.936
672.913 232.645
673.947 231.802
358.808 216.533
405.643 212.661
424.101 214.52
434.092 213.817
449.403 213.329
472.71 218.49
473.169 218.529
494.285 216.963
527.163 217.031
544.717 217.012
577.073 215.741
625.174 218.329
637.63 219.264
640.699 220.447
643.217 221.845
647.827 225.259
649.809 226.889
652.485 228.98
660.053 234.028
661.8 234.578
663.615 235.023
664.825 235.223
358.317 217.68
405.875 213.397
424.103 215.005
433.889 214.282
434.602 213.947
434.995 213.721
435.303 213.548
435.624 213.401
435.935 213.282
436.251 213.179
436.567 213.092
436.887 213.014
437.209 212.94
437.539 212.867
437.874 212.791
438.235 212.709
438.647 212.63
439.076 212.57
439.506 212.527
439.937 212.496
440.369 212.474
440.802 212.461
441.234 212.453
441.667 212.451
442.099 212.454
442.531 212.462
442.961 212.474
443.391 212.49
443.818 212.509
444.244 212.533
444.666 212.561
445.087 212.594
445.505 212.632
445.92 212.675
446.332 212.725
446.742 212.783
447.148 212.849
447.554 212.927
447.956 213.016
448.362 213.123
448.766 213.248
449.183 213.401
449.591 213.577
450.078 213.805
450.877 214.134
451.631 214.383
452.324 214.57
452.997 214.729
453.652 214.867
454.299 214.995
454.937 215.116
455.57 215.237
456.199 215.361
456.823 215.496
457.442 215.651
473.242 219.19
494.111 217.968
527.132 218.586
544.605 218.667
577.293 218.153
623.038 220.732
644.584 224.655
647.578 226.822
650.029 229.184
651.813 230.901
654.07 232.645
656.279 233.985
657.65 234.61
658.906 235.168
661.976 236.005
663.579 236.276
664.923 236.418
356.789 219.198
406.02 214.108
424.113 215.494
437.778 213.089
457.591 216.117
473.333 219.765
494.042 218.868
527.123 220.132
544.533 220.34
577.521 220.562
622.808 223.076
646.682 228.974
649.924 231.123
657.99 235.911
659.265 236.55
660.626 237.299
356.277 220.462
406.093 214.804
424.13 215.985
437.594 213.909
457.778 216.801
473.408 220.349
473.869 220.39
474.69 220.43
475.593 220.451
476.481 220.459
477.368 220.461
478.244 220.459
479.113 220.454
479.971 220.447
480.82 220.438
481.657 220.429
482.484 220.418
483.298 220.407
484.1 220.396
484.89 220.383
485.665 220.369
486.427 220.354
487.174 220.336
487.906 220.314
488.623 220.288
489.326 220.255
490.013 220.215
490.687 220.165
491.347 220.111
493.242 219.808
527.134 221.671
544.494 222.028
577.757 222.974
622.862 225.473
644.836 230.911
648.924 233.236
651.647 234.908
652.845 235.338
654.22 236.136
655.728 237.021
657.263 237.857
354.899 222.069
406.103 215.486
424.154 216.478
437.458 214.852
457.924 217.501
473.507 221.018
473.922 221.061
491.316 221.031
491.966 221.005
492.521 220.955
527.161 223.205
544.488 223.729
578.007 225.408
623.131 227.813
641.863 232.144
646.704 234.226
354.475 223.489
406.054 216.159
424.184 216.975
437.376 215.75
458.028 218.18
474.087 221.96
491.948 222.194
492.514 222.132
527.203 224.734
544.51 225.442
578.28 227.88
623.602 230.143
625.425 230.593
647.842 236.509
354.178 224.924
354.993 224.891
356.321 224.746
405.952 216.824
424.219 217.474
437.33 216.632
458.101 218.857
474.3 222.697
474.787 222.861
491.952 223.623
527.259 226.261
544.563 227.166
578.609 230.461
626.284 233.108
629.621 233.966
648.567 238.905
355.976 226.417
357.232 226.103
405.795 217.486
424.26 217.977
437.311 217.494
458.146 219.536
458.79 219.553
459.229 219.555
459.639 219.568
460.069 219.599
460.504 219.643
460.949 219.696
461.398 219.756
461.853 219.821
462.311 219.89
462.771 219.963
463.233 220.039
463.696 220.12
464.16 220.203
464.624 220.29
465.088 220.381
465.552 220.476
466.014 220.574
466.477 220.677
466.938 220.783
467.399 220.893
467.858 221.007
468.316 221.125
468.773 221.247
469.228 221.374
469.682 221.505
470.135 221.64
470.585 221.779
471.034 221.922
471.48 222.071
471.923 222.225
472.364 222.386
472.802 222.555
473.236 222.736
473.669 222.936
474.105 223.161
474.545 223.426
475.037 223.739
475.716 223.96
492.082 225.235
492.714 225.338
527.328 227.784
544.645 228.902
577.821 232.608
579.047 233.164
627.125 234.864
630.176 235.942
649.337 241.356
356.815 227.479
405.582 218.147
424.306 218.483
437.312 218.344
458.168 220.235
475.904 224.811
476.631 225.014
477.47 225.067
493.058 227.176
527.41 229.305
544.758 230.648
578.259 235.02
579.451 235.465
621.659 235.184
623.34 235.33
625.331 235.715
650.071 243.785
356.628 228.559
357.744 228.36
405.309 218.81
424.356 218.991
437.329 219.184
458.182 220.969
477.525 226.037
493.429 228.615
494.251 228.875
527.503 230.822
544.903 232.408
578.728 237.474
579.837 237.901
580.428 238.088
581.428 238.283
582.491 238.336
583.514 238.251
584.552 238.027
585.628 237.623
586.861 237.057
588.327 236.573
589.885 236.345
591.422 236.302
592.914 236.347
594.34 236.416
595.73 236.483
597.052 236.519
598.282 236.354
599.678 235.981
601.229 235.606
602.897 235.29
604.662 235.062
606.484 234.944
608.338 234.944
610.202 235.044
612.057 235.235
613.886 235.52
615.664 235.873
617.381 236.264
619.02 236.663
620.593 237.047
621.955 237.224
650.867 246.384
357.472 229.607
404.966 219.481
424.411 219.503
437.36 220.018
458.202 221.722
476.979 226.608
494.666 230.478
495.759 230.764
527.609 232.34
545.086 234.183
577.956 239.329
585.365 240.232
593.122 238.574
594.502 238.771
595.854 238.889
597.147 239.029
598.043 238.865
599.419 238.252
617.917 238.332
619.562 238.808
621.281 239.37
622.783 240.108
647.471 247.992
357.314 230.625
404.541 220.167
424.469 220.018
437.402 220.846
458.224 222.479
477.176 227.416
477.7 227.581
496.058 232.233
497.21 232.443
527.727 233.857
545.313 235.978
577.113 240.98
585.177 241.871
590.135 241.213
591.882 241.477
597.103 241.854
599.063 241.494
616.888 240.644
618.874 241.395
620.377 241.868
622.298 242.39
623.928 243.036
648.551 250.728
356.157 231.89
357.07 231.715
404.006 220.88
424.532 220.537
437.455 221.67
458.247 223.236
477.964 228.581
497.432 233.824
498.632 233.984
527.865 235.382
545.6 237.796
574.722 242.052
576.184 242.587
585.172 243.285
586.12 243.387
588.321 243.594
595.761 243.567
596.891 243.179
598.049 243.041
598.983 243.136
600.034 242.978
602.029 242.547
617.745 243.537
621.171 244.342
625.095 245.92
626.817 246.875
630.176 248.498
645.481 252.676
356.858 233.165
403.316 221.645
424.598 221.06
437.516 222.493
458.268 223.991
478.233 229.426
478.814 229.648
479.668 229.857
498.777 235.287
526.451 236.73
545.974 239.641
547.083 240.009
548.475 240.361
573.776 243.554
594.571 244.802
598.152 244.285
599.17 244.435
601.895 244.992
616.551 245.559
618.776 246.51
622.21 247.22
626.704 249.127
632.254 252.41
634.719 253.036
642.534 254.592
356.778 234.361
402.381 222.51
406.624 221.071
424.668 221.587
437.586 223.315
458.285 224.741
479.829 230.85
499.056 236.36
501.729 236.766
526.605 238.19
528.207 238.337
546.444 241.455
548.876 242.511
550.022 242.592
570.996 244.418
572.684 244.925
593.207 245.903
594.357 245.739
601.986 246.649
603.419 246.623
605.587 246.131
608.374 245.592
617.6 248.238
619.697 249.024
623.027 249.714
625.637 250.526
628.197 251.602
631.286 253.138
635.811 255.335
639.14 256.321
356.711 235.573
357.638 235.561
405.161 221.995
408 220.906
424.74 222.118
437.664 224.136
458.298 225.487
479.964 231.561
499.387 237.502
500.371 237.83
501.942 238.222
503.233 238.318
528.321 239.76
546.937 243.113
550.242 244.256
551.545 244.413
553.093 244.438
569.679 245.655
591.607 246.796
605.136 248.699
607.683 248.049
616.551 250.009
620.328 251.461
626.495 252.634
632.279 254.608
634.959 255.68
357.606 236.956
358.849 236.874
406.631 221.909
408.905 220.997
424.815 222.652
437.75 224.958
458.307 226.226
480.124 232.273
503.199 239.567
528.454 241.296
544.886 243.882
546.127 244.265
553.271 246.186
554.689 246.265
556.354 246.308
557.996 246.422
559.589 246.544
561.166 246.647
562.742 246.712
570.036 247.13
590.128 247.507
605.725 251.49
617.452 253.35
619.36 253.32
620.48 253.263
627.239 254.688
636.167 257.166
358.688 238.188
360.009 238.011
407.663 222.05
409.675 221.209
424.892 223.191
437.843 225.782
458.309 226.959
480.321 233.056
503.261 240.47
527.077 242.64
544.023 245.028
562.781 248.437
564.293 248.401
566.148 248.354
570.228 248.487
586.385 247.873
588.888 248.162
605.29 252.67
606.873 253.496
617.38 255.566
620.818 255.705
627.89 256.654
637.013 258.648
359.775 239.29
361.148 239.046
408.473 222.33
410.323 221.499
411.195 221.261
424.971 223.737
437.944 226.608
458.305 227.684
480.54 233.862
502.348 241.292
527.288 244.128
543.055 246.113
566.134 249.729
568.004 249.747
585.16 248.579
586.35 248.573
587.898 248.744
589.069 248.988
604.602 253.641
606.226 254.349
607.669 254.855
610.239 255.825
617.255 257.273
619.9 257.341
621.078 257.288
628.399 258.543
631.482 259.022
634.376 259.484
637.622 260.006
360.846 240.299
410.748 221.925
412.094 221.548
425.051 224.285
438.053 227.437
458.294 228.401
480.778 234.694
502.564 242.433
525.916 245.384
541.993 247.184
566.217 250.526
584.055 249.483
608.943 256.748
611.662 257.91
614.219 258.613
617.277 259.058
619.925 259.154
621.664 259.403
638.012 261.322
360.771 241.324
361.902 241.19
367.357 239.748
411.462 222.544
412.916 222.016
425.131 224.839
438.171 228.27
458.274 229.11
481.032 235.538
502.927 243.699
503.827 244.009
524.5 246.544
536.841 247.863
538.114 248.008
540.804 248.254
564.709 251.035
566.411 251.172
584.004 250.391
612.544 259.127
614.84 259.975
617.558 260.769
619.997 261.16
622.436 261.494
623.79 261.745
626.26 262.084
638.24 262.882
361.766 242.418
363.159 242.203
364.973 241.705
366.82 241.202
412.209 223.092
413.642 222.513
425.211 225.397
438.299 229.107
458.246 229.808
481.302 236.396
504.368 245.482
505.64 245.892
507.181 246.143
524.773 247.919
526.506 248.216
527.904 248.442
529.19 248.59
530.461 248.688
533.067 248.854
534.374 248.973
535.695 249.099
538.242 249.396
539.467 249.438
540.919 249.484
566.49 251.766
568.155 251.798
582.993 251.28
618.001 261.717
620.391 262.443
623.04 263.113
626.733 263.998
628.986 264.18
631.959 264.282
635.141 264.425
362.89 243.407
364.413 243.073
366.324 242.446
412.923 223.636
414.322 223.029
425.29 225.962
438.438 229.95
458.207 230.497
481.588 237.263
507.407 247.612
508.719 247.727
525.051 249.256
530.535 250.062
531.778 250.098
568.078 252.405
582.019 252.224
623.375 263.937
629.149 265.391
632.069 265.775
635.121 265.908
364.012 244.223
367.281 243.158
413.594 224.199
414.955 223.563
425.367 226.532
438.591 230.798
458.158 231.174
481.89 238.14
508.773 248.884
525.317 250.551
567.925 253.073
569.518 253.036
582.081 253.194
621.695 264.325
627.628 265.698
629.611 266.076
363.802 245.194
365.038 244.914
366.92 244.454
414.196 224.801
415.516 224.108
416.173 223.985
425.441 227.107
438.759 231.655
458.097 231.841
482.209 239.025
509.007 249.813
510.19 250.041
523.712 251.561
569.318 253.695
570.801 253.632
579.088 253.756
581.261 253.948
582.28 254.124
622.248 265.268
624.663 265.801
626.405 266.144
630.155 266.767
363.608 246.248
415.919 224.745
416.958 224.522
425.509 227.686
438.947 232.518
458.025 232.495
482.546 239.916
510.422 251.132
522.021 252.523
569.037 254.411
570.589 254.3
572.261 254.28
575.761 254.453
577.962 254.522
579.063 254.533
580.384 254.665
625.034 266.614
626.842 266.931
630.715 267.584
363.469 247.393
364.461 247.291
416.568 225.653
417.703 225.241
425.57 228.277
439.161 233.395
457.939 233.139
482.907 240.819
510.729 252.052
516.266 252.994
518.197 253.258
520.133 253.454
522.216 253.656
565.885 255.277
567.361 255.239
572.19 255.16
573.598 255.161
574.652 255.221
575.712 255.232
577.015 255.311
623.188 267.126
627.285 267.891
628.779 268.087
364.359 248.627
365.652 248.465
417.232 226.451
418.364 225.964
425.62 228.878
425.979 228.942
426.49 229.052
427.038 229.197
427.577 229.354
428.11 229.515
428.634 229.675
429.15 229.833
429.66 229.989
430.165 230.141
430.665 230.29
431.161 230.438
431.653 230.585
432.142 230.731
432.629 230.879
433.114 231.03
433.597 231.184
434.078 231.343
434.559 231.509
435.039 231.685
435.518 231.871
435.998 232.072
436.478 232.289
436.959 232.526
437.441 232.79
437.927 233.085
438.415 233.42
438.91 233.81
439.404 234.267
439.907 234.804
440.483 235.436
440.993 235.953
441.453 236.367
441.886 236.712
442.302 237.003
442.706 237.253
443.102 237.469
443.492 237.653
443.877 237.811
444.258 237.944
444.637 238.055
445.014 238.147
445.39 238.219
445.765 238.272
446.139 238.307
446.513 238.324
446.888 238.325
447.263 238.308
447.638 238.275
448.016 238.225
448.395 238.158
448.776 238.074
449.161 237.972
449.549 237.851
449.943 237.71
450.343 237.548
450.75 237.365
451.167 237.158
451.597 236.924
452.043 236.661
452.511 236.367
453.008 236.034
453.548 235.657
454.16 235.238
454.857 234.823
455.588 234.473
456.331 234.191
457.08 233.961
457.839 233.769
458.593 233.61
459.25 233.5
459.895 233.428
460.546 233.391
461.197 233.386
461.847 233.41
462.496 233.462
463.144 233.54
463.789 233.643
464.429 233.768
465.064 233.915
465.692 234.078
466.312 234.254
466.923 234.439
467.526 234.631
468.123 234.828
468.715 235.028
469.303 235.231
469.888 235.436
470.471 235.646
471.053 235.859
471.633 236.075
472.213 236.297
472.792 236.523
473.372 236.754
473.952 236.99
474.532 237.233
475.113 237.481
475.696 237.735
476.278 237.995
476.862 238.263
477.446 238.537
478.032 238.819
478.617 239.107
479.204 239.404
479.79 239.707
480.378 240.02
480.963 240.341
481.55 240.671
482.132 241.01
482.719 241.364
483.289 241.721
511.04 252.989
512.237 253.305
514.321 253.741
518.32 254.461
520.043 254.574
522.164 254.587
564.316 256.101
623.642 268.046
627.532 268.664
629.119 268.877
365.436 249.742
366.814 249.499
368.535 248.989
417.871 227.223
418.985 226.697
425.665 229.518
439.686 235.176
453.189 236.691
483.71 242.66
512.648 254.358
514.466 254.753
562.908 256.956
621.685 268.537
624.032 268.927
626.126 269.201
627.788 269.374
367.989 250.445
418.48 228
419.57 227.442
425.727 230.238
440.031 236.301
452.92 237.394
484.235 243.82
513.054 255.179
560.35 257.739
561.63 257.796
628.025 270.039
367.658 251.432
419.055 228.798
420.116 228.201
425.816 231.005
440.314 237.32
452.685 238.035
484.756 244.98
512.039 255.587
513.353 255.888
526.15 257.016
527.57 257.001
528.966 257.004
530.337 257.019
531.69 257.042
533.032 257.071
534.365 257.104
535.691 257.142
537.013 257.182
538.331 257.226
539.645 257.273
540.957 257.323
542.267 257.378
543.574 257.436
544.881 257.5
546.187 257.57
547.494 257.646
548.8 257.728
550.109 257.818
551.417 257.914
552.727 258.016
554.034 258.123
555.339 258.234
556.631 258.349
557.91 258.465
559.141 258.569
560.352 258.638
561.72 258.755
563.073 258.986
564.604 259.29
566.172 259.56
567.721 259.79
569.254 259.995
570.763 260.178
572.244 260.343
573.692 260.496
575.117 260.649
576.54 260.824
577.965 261.034
579.392 261.279
580.832 261.555
582.288 261.856
583.764 262.179
585.262 262.52
586.785 262.877
588.332 263.246
589.904 263.624
591.499 264.008
593.113 264.396
594.746 264.785
596.398 265.177
598.068 265.571
599.756 265.966
601.465 266.363
603.194 266.759
604.946 267.157
606.722 267.553
608.526 267.948
610.36 268.338
612.226 268.723
614.126 269.097
616.064 269.459
618.042 269.8
620.064 270.116
622.127 270.393
624.202 270.613
626.209 270.788
628.248 270.958
630.31 271.116
366.312 252.647
419.574 229.634
420.601 228.963
421.124 228.902
425.925 231.785
440.536 238.239
452.458 238.7
452.922 238.351
453.846 237.78
454.812 237.32
455.704 236.99
456.564 236.739
457.391 236.551
458.196 236.411
458.98 236.314
459.749 236.255
460.506 236.233
461.255 236.245
461.999 236.291
462.74 236.37
463.48 236.484
464.22 236.635
464.961 236.828
465.704 237.073
485.268 246.11
486.011 246.594
487 247.215
488.006 247.807
488.983 248.348
489.949 248.857
490.9 249.336
491.842 249.792
492.774 250.228
493.699 250.647
494.616 251.051
495.526 251.441
496.431 251.818
497.33 252.182
498.223 252.535
499.113 252.876
499.999 253.207
500.881 253.527
501.76 253.835
502.638 254.131
503.515 254.414
504.391 254.684
505.269 254.937
506.15 255.172
507.039 255.386
507.945 255.576
510.999 256.118
512.165 256.321
513.512 256.562
515.039 256.85
516.743 257.139
518.424 257.364
520.046 257.534
521.626 257.661
523.154 257.744
524.605 257.79
573.885 261.853
630.348 271.966
366.162 253.82
367.098 253.74
420.961 229.821
421.781 229.694
426.05 232.576
440.719 239.11
452.229 239.404
465.916 237.938
485.776 247.205
508.099 256.537
511.075 256.907
512.248 257.095
572.619 262.787
574.075 262.986
628.394 272.798
630.342 272.882
367.043 255.14
368.284 255.036
421.528 231.066
422.405 230.724
425.183 232.635
425.521 232.813
426.184 233.355
440.872 239.945
452.006 240.195
466.19 239.1
486.247 248.219
508.209 257.312
510.055 257.599
511.086 257.713
569.86 263.44
571.339 263.651
626.547 273.605
628.431 273.713
630.295 273.722
631.904 273.69
368.135 256.351
369.448 256.167
422.094 232.193
422.955 231.77
424.96 233.283
425.61 233.531
426.014 233.864
441.002 240.757
451.826 240.992
466.434 240.259
486.678 249.177
507.558 257.932
508.331 258.088
509.205 258.284
510.182 258.512
511.171 258.72
565.626 263.847
567.11 264.067
568.591 264.293
624.775 274.367
626.721 274.537
628.456 274.646
630.156 274.659
631.768 274.582
369.232 257.455
370.585 257.211
422.635 233.311
423.464 232.858
425.055 234.209
441.112 241.552
451.687 241.775
466.643 241.361
487.078 250.104
511.298 259.589
564.37 264.721
630.122 275.403
370.307 258.484
423.152 234.471
423.941 234.013
425.173 235.233
441.205 242.333
451.578 242.547
466.829 242.435
487.456 251.01
510.443 260.135
561.69 265.423
563.133 265.616
630.129 276.383
631.802 276.384
370.258 259.527
371.357 259.41
423.648 235.701
424.391 235.266
425.306 236.309
441.283 243.104
451.493 243.312
466.995 243.48
487.819 251.902
488.611 252.32
510.562 260.891
557.534 266.014
558.978 266.16
560.423 266.33
630.091 277.442
631.676 277.364
371.258 260.676
372.593 260.497
424.128 237.03
424.825 236.653
425.457 237.448
425.736 237.887
441.347 243.866
451.43 244.07
467.146 244.506
488.965 253.194
509.88 261.497
556.202 266.976
625.235 278.326
626.869 278.448
628.472 278.514
372.382 261.764
373.761 261.509
424.603 238.48
425.261 238.205
425.924 239.234
441.398 244.621
451.387 244.823
467.281 245.513
489.302 254.045
509.331 262.24
554.856 267.938
556.295 268.062
571.647 270.555
573.168 270.847
574.677 271.125
623.713 279.189
373.478 262.756
425.091 240.061
425.728 239.903
426.095 240.337
441.437 245.37
451.359 245.571
467.401 246.504
489.626 254.887
509.633 263.241
553.475 268.905
565.781 270.597
567.335 270.887
568.883 271.173
570.443 271.464
575.003 272.343
576.493 272.598
578.048 272.864
579.603 273.145
581.148 273.427
582.686 273.703
623.891 280.184
625.658 280.29
628.406 280.342
373.411 263.768
425.612 241.787
441.466 246.115
451.347 246.316
467.506 247.481
489.943 255.723
510.061 264.292
510.902 264.687
512.289 265.32
513.706 265.914
515.059 266.427
516.388 266.878
517.687 267.269
518.967 267.609
520.227 267.9
521.474 268.149
522.713 268.356
523.953 268.526
525.203 268.661
526.481 268.77
527.796 268.874
529.123 268.983
530.448 269.093
531.767 269.199
533.079 269.3
534.384 269.393
535.682 269.478
536.973 269.553
538.259 269.617
539.541 269.668
540.821 269.702
542.106 269.716
543.406 269.702
544.754 269.664
546.185 269.634
547.653 269.644
549.13 269.689
550.608 269.762
552.082 269.859
553.54 269.977
554.994 270.116
556.556 270.29
558.126 270.492
559.709 270.715
561.304 270.952
562.903 271.205
564.512 271.481
583.016 274.898
584.529 275.154
622.261 281.067
624.003 281.173
625.585 281.168
627.081 281.132
628.32 281.121
373.378 264.845
374.414 264.802
425.189 244.168
426.198 243.79
441.483 246.855
451.35 247.058
467.592 248.447
490.254 256.554
509.739 264.908
525.232 269.798
543.246 270.839
563.166 272.335
584.849 276.265
586.423 276.565
588.051 276.861
589.665 277.164
591.263 277.466
592.852 277.764
594.434 278.053
596.009 278.331
625.487 282.093
374.413 266.042
425.924 245.615
426.703 245.37
441.49 247.591
451.366 247.797
467.657 249.406
490.56 257.38
509.311 265.439
524.075 270.417
543.106 271.753
561.747 273.126
563.403 273.375
565.031 273.621
596.345 279.503
597.884 279.751
619.303 283.006
620.829 283.152
622.351 283.223
623.877 283.223
625.419 283.183
373.502 267.055
374.469 267.086
375.813 267.16
377.402 267.165
378.91 266.997
426.516 247.297
441.487 248.324
451.396 248.533
467.693 250.365
468.635 250.39
469.339 250.413
490.863 258.199
509.692 266.304
524.103 271.078
543.009 272.644
565.218 274.584
566.842 274.833
598.201 280.845
599.783 281.12
616.412 283.728
617.992 283.961
378.702 268.578
380.019 268.339
381.547 267.999
383.014 267.684
384.414 267.33
426.132 249.604
427.102 249.345
441.474 249.055
451.438 249.267
469.369 251.269
470.118 251.333
470.788 251.449
471.469 251.576
491.163 259.014
509.186 266.765
510.068 267.142
524.165 271.782
542.96 273.557
567.059 275.83
568.677 276.083
600.118 282.199
601.722 282.488
615.132 284.59
383.981 269.089
385.227 268.694
426.824 251.352
441.452 249.783
451.494 250.001
471.585 252.438
472.337 252.606
473.01 252.797
475.029 253.354
490.648 259.443
508.643 267.225
524.255 272.495
542.961 274.479
544.131 274.567
568.91 277.085
602.072 283.562
603.687 283.858
613.752 285.389
378.654 270.389
381.293 270.352
384.88 270.094
386.195 269.806
387.715 269.343
389.164 268.887
390.574 268.379
425.439 253.916
441.42 250.51
451.562 250.732
473.15 253.718
473.867 253.883
474.504 254.056
475.155 254.188
475.944 254.402
476.653 254.648
478.052 255.129
490.949 260.256
508.113 267.711
524.366 273.228
544.188 275.541
569.118 278.096
570.791 278.353
604.053 284.931
605.672 285.234
614.022 286.429
377.46 271.296
378.612 271.247
380.065 271.218
381.24 271.182
389.913 270.242
423.936 256.01
441.379 251.236
451.643 251.464
476.839 255.564
477.565 255.783
478.223 255.985
479.004 256.24
479.718 256.516
481.122 257.037
484.691 258.31
485.459 258.563
486.251 258.852
487.056 259.166
487.875 259.499
488.71 259.854
489.566 260.24
491.264 261.077
508.44 268.543
524.492 273.971
544.271 276.412
571.005 279.339
572.647 279.598
606.059 286.312
607.672 286.625
609.29 286.887
610.891 287.107
612.526 287.295
389.545 271.427
390.666 271.104
392.241 270.571
423.713 257.644
441.328 251.962
451.737 252.194
479.93 257.446
480.654 257.687
481.312 257.905
482.086 258.171
482.787 258.443
483.477 258.689
484.171 258.924
489.846 261.047
490.771 261.49
491.597 261.918
508.782 269.382
524.63 274.727
544.331 277.287
572.888 280.587
574.536 280.859
606.518 287.355
391.776 272.17
393.125 271.724
394.692 271.08
423.441 259.204
441.268 252.688
451.845 252.926
491.088 262.469
491.929 262.801
492.699 263.155
493.533 263.527
494.41 263.927
509.129 270.212
524.775 275.492
544.398 278.183
574.798 281.848
576.455 282.132
605.376 288.018
394.114 272.748
395.484 272.199
423.132 260.792
441.199 253.415
451.966 253.658
494.721 264.774
508.608 270.658
509.479 271.041
524.918 276.257
544.486 279.088
576.74 283.121
604.205 288.673
394.987 273.59
396.402 273.09
421.19 262.989
441.119 254.144
452.103 254.395
495.078 265.867
509.871 271.916
524.107 276.864
544.606 280.005
545.81 280.166
576.999 284.118
578.721 284.411
602.989 289.31
395.95 274.406
420.863 264.428
441.03 254.876
452.256 255.133
495.37 266.959
510.273 272.758
524.261 277.69
545.973 281.125
578.992 285.383
580.682 285.679
603.369 290.277
389.177 276.052
395.785 275.424
396.956 275.151
420.391 265.9
422.311 264.68
440.93 255.613
452.426 255.878
495.594 268.022
496.496 268.186
497.232 268.323
497.982 268.505
498.783 268.74
499.61 269.007
500.462 269.298
501.331 269.608
502.217 269.933
503.115 270.273
504.025 270.626
504.947 270.994
505.879 271.376
506.822 271.774
507.776 272.192
508.739 272.632
509.706 273.094
510.669 273.575
524.435 278.536
546.143 281.989
580.989 286.656
582.687 286.968
602.131 290.955
387.947 277.124
389.051 276.962
396.746 276.363
421.63 266.151
440.82 256.356
452.615 256.627
495.78 269.123
511.156 274.527
524.619 279.394
546.287 282.855
583.028 287.95
600.921 291.636
396.704 277.36
411.154 273.277
412.621 272.742
414.096 272.111
415.621 271.365
417.216 270.488
418.885 269.447
420.639 268.194
440.698 257.107
452.825 257.39
495.973 270.314
510.702 275.252
524.808 280.262
546.448 283.747
547.702 283.936
583.354 288.939
599.72 292.319
396.701 278.37
397.816 278.294
399.548 278.08
401.271 277.758
402.891 277.381
404.476 276.957
406.039 276.495
407.601 275.99
409.185 275.458
418.058 271.294
440.566 257.868
453.057 258.159
496.198 271.554
511.234 276.511
524.998 281.138
547.9 284.865
583.68 289.911
585.483 290.246
596.972 292.691
598.529 293.013
416.012 273.331
417.598 272.335
419.11 271.231
420.464 270.079
440.422 258.641
453.32 258.953
496.444 272.808
511.676 277.691
512.759 278.108
513.607 278.434
525.187 282.025
548.098 285.701
585.822 291.197
587.579 291.54
595.844 293.367
419.89 271.042
421.067 270.059
421.951 269.334
422.786 268.661
440.267 259.427
453.61 259.755
496.703 274.068
513.105 279.214
513.975 279.5
525.374 282.919
548.261 286.532
587.985 292.509
593.092 293.657
594.696 294.024
422.358 269.678
423.245 269.023
423.97 268.528
424.698 268.04
440.101 260.232
453.947 260.612
496.97 275.328
512.46 280.063
525.559 283.821
548.421 287.378
588.391 293.482
590.234 293.872
591.967 294.274
424.374 269.022
425.171 268.524
425.841 268.155
439.925 261.053
445.905 257.033
446.357 256.926
446.808 256.9
447.243 256.927
447.67 256.989
448.092 257.079
448.512 257.195
448.93 257.336
449.348 257.5
449.767 257.69
450.189 257.904
450.612 258.145
451.042 258.416
451.474 258.716
451.917 259.054
452.365 259.426
452.83 259.849
453.302 260.319
453.809 260.864
454.313 261.457
497.245 276.59
498.053 276.807
512.833 281.229
525.734 284.723
548.575 288.209
590.7 294.832
425.532 269.19
426.281 268.741
426.923 268.403
427.581 268.051
439.74 261.895
442.083 259.539
442.567 259.017
443.046 258.624
443.495 258.342
443.927 258.129
444.344 257.969
444.744 257.849
445.134 257.763
445.486 257.695
445.842 257.595
498.346 278.086
513.182 282.382
525.11 285.52
547.458 288.873
591.163 295.789
427.335 269.029
428.063 268.653
428.686 268.366
429.327 268.058
439.546 262.752
441.454 260.89
445.889 258.793
446.403 259.079
498.63 279.312
512.468 283.191
525.303 286.515
547.629 289.756
548.88 289.979
589.695 296.315
429.112 269.034
429.817 268.702
430.423 268.446
431.047 268.164
439.338 263.643
441.235 261.928
446.502 261.047
498.908 280.536
499.742 280.767
511.711 283.961
525.525 287.547
526.271 287.705
549.171 290.935
590.16 297.224
430.849 269.155
431.529 268.847
432.112 268.603
432.711 268.314
433.332 268.002
433.96 267.686
434.592 267.364
435.227 267.034
435.864 266.695
436.504 266.341
437.144 265.968
437.79 265.562
438.44 265.11
439.118 264.558
439.792 263.892
440.211 263.426
440.556 263.079
440.875 262.863
441.131 262.827
446.59 263.025
447.108 263.148
447.614 263.277
500.03 282.014
511.996 285.041
526.511 288.788
549.473 291.764
588.567 297.689
447.724 265.142
448.256 265.282
500.311 283.21
501.174 283.443
512.229 286.097
526.746 289.813
549.769 292.587
588.999 298.533
448.377 267.105
448.927 267.243
501.445 284.649
512.417 287.158
513.464 287.299
514.283 287.392
515.082 287.501
515.906 287.636
516.734 287.792
517.571 287.97
518.414 288.17
519.266 288.395
520.126 288.648
520.992 288.937
526.98 290.873
531.458 290.979
532.729 290.91
535.32 291.059
536.729 291.182
547.009 292.768
548.524 293.004
550.095 293.365
589.426 299.367
449.055 269.015
449.624 269.159
501.71 285.811
521.299 289.915
527.236 291.987
530.421 292.26
532.719 291.865
534.204 291.915
536.838 292.081
538.443 292.33
539.641 292.573
540.822 292.752
542.062 292.927
543.311 293.105
544.578 293.293
545.795 293.467
550.494 294.289
587.602 299.74
449.758 270.873
450.344 271.022
450.93 271.203
501.96 286.964
521.678 291.179
527.525 293.143
530.563 293.738
531.349 293.768
551.009 295.957
552.939 296.34
554.456 296.643
583.098 299.78
585.446 300.064
587.988 300.469
451.086 272.839
451.699 273.029
501.349 287.921
522.025 292.449
527.851 294.329
530.194 295.089
531.758 295.728
554.67 297.926
556.301 298.164
557.75 298.414
559.221 298.6
560.768 298.76
562.352 298.898
563.99 299.019
565.677 299.129
567.427 299.237
569.23 299.348
571.096 299.47
573.014 299.608
574.995 299.767
577.018 299.95
579.096 300.166
581.1 300.39
588.365 301.235
451.861 274.642
501.596 289.11
522.325 293.677
523.268 293.895
528.215 295.532
529.786 296.179
530.635 296.544
532.252 297.283
579.271 301.08
581.399 301.369
588.801 302.346
452.009 276.242
501.85 290.304
523.511 295.049
524.998 295.427
525.699 295.628
526.42 295.856
527.149 296.114
527.881 296.401
528.606 296.721
529.349 297.084
530.257 297.542
531.143 297.989
532.831 298.892
533.793 299.401
535.427 300.12
536.984 300.658
538.385 301.053
539.712 301.359
540.971 301.596
542.185 301.779
543.365 301.899
544.528 301.922
579.424 302.453
581.695 302.643
589.068 303.461
591.983 303.804
452.145 277.8
452.807 277.952
502.11 291.494
523.762 296.323
524.617 296.471
529.851 298.389
530.776 298.916
531.696 299.42
532.62 299.951
544.855 304.616
545.873 304.412
560.941 304.36
592.005 304.747
452.942 279.458
502.369 292.675
524.029 297.617
524.884 297.742
546.041 306.28
547.267 306.299
548.747 306.142
559.662 306.596
560.971 306.878
561.99 306.819
591.954 305.917
453.067 280.956
463.001 283.645
501.775 293.627
523.406 298.739
524.311 298.926
525.161 299.084
548.859 308.158
556.907 308.369
558.385 308.639
561.701 308.974
562.877 308.65
591.969 307.075
453.185 282.429
453.879 282.552
461.656 284.509
462.414 284.709
463.183 284.913
463.973 285.133
464.758 285.36
465.548 285.586
466.346 285.813
467.15 286.044
496.878 293.443
497.737 293.653
502.038 294.816
502.9 295.072
503.852 295.368
504.822 295.669
505.789 295.955
506.751 296.224
507.708 296.478
512.498 297.645
513.439 297.865
514.371 298.069
525.465 300.406
549.031 309.347
550.192 309.518
553.897 309.899
555.6 310.175
562.522 310.411
563.874 310.096
591.896 308.184
594.726 308.256
453.993 283.981
454.686 284.102
461.078 285.627
467.345 287.273
468.16 287.506
496.25 294.401
497.098 294.599
497.964 294.804
498.841 295.026
499.709 295.258
500.577 295.494
501.446 295.74
507.981 297.714
508.923 297.948
509.888 298.181
510.851 298.417
511.812 298.652
513.7 299.112
514.626 299.32
515.541 299.508
525.796 301.741
550.559 310.914
552.239 311.32
563.479 311.646
594.518 309.23
454.806 285.516
455.508 285.64
460.504 286.775
468.356 288.754
469.168 288.972
497.324 295.777
513.019 300.079
513.936 300.272
515.789 300.714
516.715 300.918
524.277 302.597
525.198 302.818
526.123 303.048
563.402 312.769
564.557 312.692
594.19 310.413
455.629 287.035
456.34 287.157
457.048 287.299
460.662 288.102
469.36 290.217
470.172 290.425
497.554 296.938
516.965 302.109
520.797 302.971
523.638 303.634
524.584 303.874
525.493 304.094
526.418 304.294
527.322 304.504
528.206 304.739
564.455 314.068
566.019 313.972
593.919 311.569
596.667 311.508
457.178 288.651
457.904 288.791
458.627 288.943
460.817 289.422
470.361 291.667
497.781 298.09
517.227 303.264
518.158 303.497
519.139 303.737
520.116 303.974
521.081 304.213
522.014 304.434
522.967 304.65
523.927 304.876
526.7 305.549
528.523 305.95
565.789 315.275
567.49 315.134
569.719 314.732
596.373 312.513
458.765 290.274
459.502 290.423
460.233 290.578
470.54 292.919
471.366 293.111
497.141 299.026
526.975 306.731
527.885 306.954
528.844 307.201
569.02 316.202
595.907 313.734
598.392 313.637
471.541 294.341
495.632 299.758
496.496 299.962
568.647 317.096
598.145 314.725
471.709 295.58
472.538 295.758
490.682 299.753
492.39 300.117
493.25 300.305
494.114 300.499
494.978 300.698
568.409 317.942
597.723 316.009
600.079 315.918
472.705 296.979
490.021 300.73
490.867 300.901
491.729 301.081
568.249 318.875
599.889 317.065
472.866 298.208
473.699 298.375
490.205 301.884
491.057 302.063
491.922 302.245
568.147 319.849
599.585 318.407
473.859 299.586
489.544 302.869
490.386 303.035
568.072 320.809
599.393 319.687
474.013 300.806
474.85 300.963
490.573 304.205
566.99 321.886
567.978 321.839
599.205 320.892
475.002 302.165
475.83 302.319
488.215 304.841
489.061 305.004
489.911 305.176
568.024 323.235
572.137 323.388
598.935 322.069
601.628 321.856
475.987 303.52
476.817 303.675
487.548 305.842
567.171 324.232
568.138 324.306
569.805 324.514
572.125 324.698
601.26 322.925
476.976 304.874
477.807 305.031
487.719 307.009
569.938 325.943
600.741 324.237
603.078 324.015
477.969 306.228
487.893 308.178
569.902 326.879
602.782 325.203
478.123 307.435
488.066 309.342
568.862 327.792
569.863 327.825
602.358 326.61
478.274 308.632
487.405 310.347
488.237 310.504
570.096 329.314
602.02 327.962
604.378 327.722
478.419 309.821
479.277 309.96
488.414 311.678
570.455 330.503
571.643 330.707
604.064 328.937
479.417 311.133
487.749 312.673
571.973 332.039
576.05 332.218
603.662 330.411
479.553 312.316
480.41 312.449
487.921 313.834
488.761 313.999
572.379 333.138
573.695 333.38
575.969 333.562
603.398 331.831
480.547 313.618
488.941 315.166
574.005 334.581
603.176 333.191
480.679 314.796
481.539 314.923
489.119 316.311
574.386 335.622
575.672 335.833
577.787 335.985
602.949 334.529
481.671 316.086
482.519 316.209
483.358 316.345
484.202 316.488
489.294 317.453
577.804 337.424
602.712 335.854
484.351 317.628
485.209 317.778
486.058 317.935
489.469 318.594
490.327 318.766
577.896 338.355
602.456 337.175
486.214 319.076
487.075 319.231
487.928 319.393
488.785 319.557
490.507 319.909
578.138 339.295
579.447 339.517
602.182 338.502
488.952 320.689
489.822 320.86
579.898 340.76
581.736 341.019
584.073 341.048
601.886 339.846
583.911 342.376
601.595 341.235
583.953 343.217
585.555 343.299
599.043 342.799
585.673 344.297
596.391 344.151
586.02 345.115
590.685 345.447
596.297 345.319
586.418 345.938
588.083 346.231
590.941 346.581
593.224 346.63
596.083 346.437
593.044 347.552
595.538 347.334
585.841 347.167
583.118 347.421
584.61 347.655
586.091 347.876
581.957 348.068
583.261 348.204
