520 171
521 171
519 172
521 172
364 173
365 173
366 173
367 173
368 173
369 173
370 173
371 173
372 173
373 173
374 173
375 173
376 173
377 173
378 173
379 173
380 173
381 173
382 173
383 173
384 173
385 173
386 173
387 173
388 173
389 173
390 173
391 173
392 173
393 173
394 173
395 173
396 173
397 173
398 173
399 173
400 173
401 173
402 173
403 173
404 173
405 173
406 173
407 173
408 173
409 173
410 173
411 173
412 173
413 173
414 173
415 173
416 173
417 173
418 173
419 173
420 173
421 173
422 173
423 173
424 173
425 173
426 173
427 173
428 173
429 173
430 173
431 173
432 173
433 173
434 173
435 173
436 173
437 173
438 173
439 173
440 173
441 173
442 173
443 173
444 173
445 173
446 173
447 173
448 173
449 173
450 173
451 173
452 173
453 173
454 173
455 173
456 173
457 173
458 173
459 173
460 173
461 173
462 173
463 173
464 173
465 173
466 173
467 173
468 173
469 173
470 173
471 173
472 173
473 173
474 173
475 173
476 173
477 173
478 173
479 173
480 173
481 173
482 173
483 173
484 173
485 173
486 173
487 173
488 173
489 173
490 173
491 173
492 173
493 173
494 173
495 173
496 173
497 173
498 173
499 173
500 173
501 173
502 173
503 173
504 173
505 173
506 173
507 173
508 173
509 173
510 173
511 173
512 173
513 173
514 173
515 173
516 173
517 173
518 173
519 173
521 173
363 174
364 174
395 174
400 174
468 174
507 174
521 174
362 175
364 175
395 175
400 175
468 175
507 175
521 175
522 175
523 175
524 175
525 175
526 175
530 175
361 176
362 176
364 176
395 176
400 176
468 176
507 176
526 176
527 176
528 176
529 176
530 176
531 176
532 176
353 177
361 177
362 177
363 177
395 177
400 177
468 177
507 177
532 177
533 177
534 177
536 177
352 178
353 178
354 178
355 178
363 178
364 178
365 178
395 178
400 178
468 178
507 178
534 178
535 178
536 178
537 178
538 178
543 178
557 178
351 179
352 179
355 179
356 179
357 179
358 179
359 179
360 179
361 179
362 179
363 179
364 179
365 179
395 179
400 179
468 179
507 179
508 179
538 179
539 179
540 179
541 179
542 179
543 179
544 179
545 179
546 179
547 179
548 179
555 179
556 179
557 179
352 180
365 180
395 180
400 180
401 180
468 180
508 180
548 180
549 180
553 180
554 180
555 180
556 180
352 181
353 181
364 181
365 181
395 181
401 181
402 181
468 181
508 181
509 181
546 181
547 181
548 181
549 181
552 181
553 181
554 181
353 182
364 182
365 182
395 182
402 182
468 182
509 182
544 182
545 182
353 183
354 183
365 183
395 183
402 183
468 183
509 183
543 183
559 183
560 183
561 183
666 183
354 184
364 184
365 184
395 184
402 184
403 184
404 184
468 184
509 184
542 184
557 184
558 184
560 184
561 184
665 184
666 184
670 184
671 184
672 184
354 185
395 185
404 185
405 185
468 185
509 185
540 185
541 185
555 185
556 185
558 185
559 185
664 185
666 185
667 185
668 185
669 185
672 185
673 185
354 186
395 186
405 186
406 186
468 186
509 186
539 186
554 186
557 186
663 186
673 186
354 187
355 187
395 187
406 187
407 187
468 187
509 187
537 187
538 187
542 187
543 187
551 187
552 187
553 187
557 187
558 187
559 187
560 187
561 187
663 187
673 187
355 188
356 188
395 188
407 188
408 188
468 188
509 188
536 188
537 188
538 188
539 188
540 188
541 188
543 188
549 188
550 188
556 188
557 188
561 188
562 188
574 188
575 188
576 188
662 188
673 188
356 189
395 189
408 189
409 189
410 189
468 189
509 189
510 189
535 189
543 189
544 189
545 189
546 189
547 189
548 189
562 189
563 189
567 189
569 189
570 189
571 189
572 189
573 189
576 189
661 189
673 189
356 190
395 190
410 190
468 190
510 190
535 190
546 190
547 190
563 190
564 190
565 190
566 190
567 190
568 190
576 190
577 190
578 190
579 190
580 190
581 190
661 190
673 190
355 191
356 191
357 191
358 191
359 191
395 191
410 191
468 191
510 191
535 191
547 191
548 191
549 191
550 191
581 191
660 191
673 191
357 192
358 192
359 192
360 192
361 192
362 192
395 192
409 192
468 192
510 192
511 192
535 192
550 192
551 192
552 192
553 192
554 192
581 192
584 192
659 192
673 192
356 193
362 193
384 193
385 193
386 193
387 193
388 193
389 193
390 193
391 193
392 193
393 193
394 193
395 193
396 193
409 193
410 193
468 193
469 193
470 193
471 193
472 193
473 193
474 193
475 193
476 193
477 193
478 193
479 193
480 193
481 193
482 193
483 193
484 193
485 193
486 193
487 193
488 193
489 193
490 193
491 193
492 193
493 193
494 193
495 193
496 193
497 193
498 193
511 193
534 193
535 193
554 193
555 193
556 193
557 193
558 193
570 193
571 193
572 193
573 193
574 193
575 193
576 193
579 193
580 193
581 193
583 193
584 193
585 193
659 193
660 193
673 193
355 194
356 194
362 194
379 194
380 194
381 194
382 194
383 194
396 194
397 194
410 194
468 194
498 194
499 194
500 194
501 194
502 194
503 194
504 194
505 194
506 194
507 194
508 194
509 194
510 194
511 194
533 194
558 194
559 194
565 194
567 194
569 194
576 194
577 194
578 194
583 194
584 194
585 194
660 194
673 194
356 195
362 195
363 195
368 195
369 195
370 195
371 195
373 195
374 195
375 195
376 195
377 195
378 195
397 195
398 195
409 195
413 195
468 195
510 195
532 195
559 195
560 195
564 195
565 195
566 195
567 195
568 195
577 195
578 195
579 195
580 195
659 195
673 195
674 195
356 196
363 196
364 196
365 196
366 196
367 196
371 196
372 196
398 196
409 196
410 196
411 196
412 196
413 196
468 196
509 196
510 196
531 196
532 196
560 196
564 196
576 196
580 196
581 196
582 196
658 196
674 196
675 196
356 197
398 197
413 197
468 197
510 197
511 197
532 197
533 197
560 197
561 197
563 197
566 197
576 197
582 197
583 197
584 197
585 197
657 197
675 197
355 198
356 198
397 198
413 198
414 198
468 198
511 198
533 198
561 198
562 198
565 198
566 198
575 198
585 198
654 198
655 198
656 198
675 198
356 199
397 199
414 199
415 199
468 199
511 199
532 199
561 199
562 199
564 199
573 199
574 199
585 199
586 199
653 199
655 199
675 199
676 199
677 199
355 200
396 200
415 200
430 200
431 200
432 200
433 200
434 200
435 200
436 200
437 200
438 200
439 200
440 200
441 200
442 200
443 200
444 200
445 200
446 200
447 200
448 200
449 200
450 200
451 200
452 200
453 200
454 200
455 200
456 200
457 200
458 200
459 200
460 200
461 200
462 200
463 200
464 200
465 200
466 200
467 200
468 200
511 200
532 200
561 200
563 200
564 200
571 200
572 200
573 200
574 200
586 200
633 200
634 200
635 200
636 200
637 200
638 200
639 200
640 200
641 200
642 200
643 200
644 200
645 200
646 200
647 200
648 200
649 200
650 200
651 200
652 200
655 200
677 200
678 200
355 201
396 201
415 201
416 201
417 201
429 201
468 201
511 201
532 201
560 201
562 201
563 201
564 201
570 201
572 201
573 201
574 201
585 201
586 201
631 201
632 201
642 201
652 201
655 201
678 201
355 202
395 202
417 202
427 202
428 202
429 202
468 202
511 202
532 202
533 202
559 202
561 202
563 202
570 202
586 202
630 202
642 202
652 202
655 202
676 202
677 202
355 203
394 203
417 203
418 203
420 203
421 203
422 203
423 203
424 203
425 203
426 203
428 203
429 203
468 203
511 203
533 203
534 203
535 203
559 203
560 203
562 203
569 203
586 203
629 203
642 203
652 203
655 203
668 203
672 203
674 203
675 203
355 204
394 204
418 204
419 204
429 204
468 204
511 204
535 204
536 204
537 204
562 204
569 204
586 204
627 204
628 204
642 204
650 204
651 204
652 204
655 204
667 204
668 204
670 204
671 204
672 204
673 204
355 205
394 205
395 205
396 205
429 205
468 205
511 205
537 205
538 205
562 205
569 205
585 205
626 205
642 205
649 205
655 205
667 205
668 205
669 205
670 205
671 205
355 206
396 206
429 206
468 206
511 206
538 206
539 206
540 206
562 206
568 206
584 206
588 206
589 206
625 206
642 206
649 206
655 206
666 206
667 206
668 206
355 207
395 207
429 207
468 207
511 207
540 207
541 207
561 207
568 207
583 207
584 207
586 207
587 207
589 207
625 207
642 207
649 207
655 207
664 207
665 207
666 207
355 208
395 208
429 208
468 208
511 208
541 208
561 208
568 208
582 208
585 208
589 208
590 208
625 208
626 208
642 208
649 208
655 208
661 208
662 208
663 208
354 209
395 209
429 209
468 209
511 209
541 209
561 209
568 209
582 209
583 209
584 209
590 209
626 209
642 209
643 209
648 209
655 209
656 209
660 209
354 210
395 210
429 210
468 210
511 210
512 210
513 210
514 210
515 210
516 210
517 210
518 210
519 210
520 210
521 210
522 210
523 210
524 210
525 210
526 210
527 210
528 210
529 210
530 210
531 210
532 210
533 210
534 210
535 210
536 210
537 210
538 210
539 210
540 210
541 210
560 210
568 210
590 210
624 210
625 210
626 210
643 210
647 210
656 210
659 210
354 211
395 211
429 211
468 211
511 211
541 211
542 211
560 211
568 211
590 211
611 211
612 211
613 211
614 211
615 211
616 211
617 211
618 211
619 211
620 211
621 211
622 211
623 211
643 211
647 211
655 211
656 211
659 211
353 212
395 212
429 212
468 212
511 212
542 212
560 212
568 212
569 212
590 212
610 212
642 212
647 212
656 212
658 212
353 213
395 213
429 213
468 213
469 213
470 213
471 213
472 213
473 213
474 213
475 213
476 213
477 213
478 213
479 213
480 213
481 213
482 213
483 213
484 213
485 213
486 213
487 213
488 213
489 213
490 213
491 213
492 213
493 213
494 213
495 213
496 213
497 213
498 213
499 213
500 213
511 213
541 213
560 213
569 213
590 213
591 213
610 213
642 213
647 213
656 213
657 213
353 214
395 214
429 214
468 214
500 214
501 214
502 214
504 214
505 214
506 214
507 214
511 214
541 214
542 214
560 214
569 214
591 214
610 214
611 214
642 214
647 214
655 214
656 214
352 215
353 215
395 215
429 215
468 215
502 215
503 215
507 215
508 215
509 215
510 215
511 215
542 215
543 215
560 215
569 215
590 215
611 215
642 215
643 215
644 215
645 215
646 215
647 215
648 215
649 215
650 215
651 215
652 215
653 215
654 215
656 215
657 215
658 215
353 216
395 216
429 216
468 216
510 216
511 216
543 216
544 216
545 216
546 216
547 216
548 216
549 216
550 216
560 216
569 216
589 216
590 216
609 216
610 216
642 216
657 216
658 216
353 217
395 217
429 217
468 217
511 217
544 217
545 217
550 217
551 217
552 217
553 217
554 217
555 217
556 217
557 217
558 217
559 217
560 217
569 217
588 217
608 217
642 217
656 217
353 218
395 218
429 218
468 218
511 218
512 218
545 218
546 218
560 218
569 218
588 218
606 218
607 218
642 218
656 218
657 218
353 219
354 219
395 219
429 219
468 219
512 219
546 219
547 219
560 219
561 219
568 219
587 219
604 219
605 219
606 219
641 219
657 219
354 220
355 220
356 220
357 220
358 220
359 220
360 220
361 220
362 220
363 220
364 220
365 220
366 220
367 220
368 220
369 220
370 220
371 220
372 220
373 220
374 220
375 220
376 220
377 220
378 220
379 220
380 220
381 220
382 220
383 220
384 220
385 220
386 220
387 220
388 220
389 220
390 220
391 220
392 220
393 220
394 220
395 220
396 220
397 220
398 220
399 220
400 220
401 220
402 220
403 220
404 220
405 220
406 220
407 220
408 220
409 220
410 220
411 220
412 220
413 220
414 220
415 220
416 220
417 220
418 220
419 220
420 220
421 220
422 220
423 220
424 220
425 220
426 220
427 220
428 220
429 220
468 220
512 220
513 220
547 220
561 220
567 220
586 220
601 220
602 220
603 220
606 220
607 220
608 220
609 220
610 220
611 220
612 220
613 220
614 220
615 220
616 220
617 220
618 220
619 220
620 220
621 220
622 220
623 220
624 220
625 220
626 220
627 220
628 220
629 220
630 220
631 220
641 220
642 220
643 220
644 220
645 220
646 220
647 220
648 220
649 220
650 220
651 220
652 220
653 220
657 220
658 220
354 221
378 221
412 221
429 221
468 221
513 221
547 221
561 221
562 221
567 221
568 221
569 221
570 221
571 221
572 221
573 221
574 221
575 221
576 221
577 221
585 221
598 221
599 221
600 221
601 221
631 221
632 221
641 221
651 221
653 221
654 221
658 221
661 221
354 222
355 222
378 222
412 222
429 222
468 222
513 222
546 222
562 222
563 222
564 222
565 222
566 222
577 222
578 222
579 222
580 222
581 222
582 222
583 222
584 222
585 222
586 222
587 222
597 222
601 222
632 222
641 222
651 222
654 222
657 222
658 222
659 222
660 222
661 222
355 223
378 223
412 223
429 223
468 223
513 223
514 223
545 223
546 223
562 223
577 223
587 223
588 223
589 223
593 223
594 223
595 223
596 223
601 223
632 223
633 223
641 223
651 223
654 223
655 223
656 223
657 223
659 223
355 224
378 224
412 224
429 224
468 224
514 224
515 224
543 224
544 224
562 224
577 224
589 224
590 224
591 224
592 224
601 224
633 224
634 224
635 224
641 224
649 224
650 224
651 224
652 224
653 224
654 224
656 224
658 224
355 225
378 225
412 225
429 225
468 225
515 225
542 225
562 225
577 225
601 225
634 225
635 225
636 225
637 225
641 225
644 225
645 225
646 225
647 225
648 225
656 225
657 225
355 226
378 226
412 226
429 226
468 226
514 226
515 226
542 226
562 226
577 226
601 226
633 226
637 226
638 226
639 226
641 226
642 226
643 226
647 226
648 226
649 226
650 226
355 227
378 227
412 227
429 227
430 227
431 227
432 227
433 227
434 227
435 227
436 227
437 227
438 227
439 227
440 227
441 227
442 227
443 227
444 227
445 227
446 227
447 227
448 227
449 227
450 227
451 227
452 227
453 227
454 227
455 227
456 227
457 227
458 227
459 227
460 227
461 227
462 227
463 227
464 227
465 227
466 227
467 227
468 227
469 227
470 227
471 227
472 227
473 227
474 227
475 227
476 227
477 227
478 227
479 227
480 227
515 227
542 227
562 227
577 227
601 227
632 227
639 227
640 227
641 227
642 227
643 227
644 227
645 227
646 227
648 227
649 227
650 227
354 228
378 228
412 228
440 228
480 228
515 228
542 228
562 228
577 228
601 228
632 228
639 228
640 228
645 228
646 228
647 228
354 229
378 229
412 229
440 229
480 229
515 229
516 229
517 229
518 229
519 229
520 229
521 229
522 229
523 229
524 229
525 229
526 229
527 229
528 229
529 229
530 229
531 229
532 229
533 229
534 229
535 229
536 229
537 229
538 229
541 229
562 229
577 229
601 229
632 229
638 229
639 229
640 229
641 229
642 229
643 229
644 229
353 230
378 230
412 230
440 230
480 230
515 230
516 230
538 230
539 230
540 230
562 230
577 230
601 230
632 230
637 230
638 230
353 231
378 231
412 231
440 231
480 231
516 231
539 231
540 231
562 231
577 231
601 231
632 231
633 231
638 231
353 232
354 232
355 232
378 232
412 232
440 232
480 232
516 232
517 232
539 232
562 232
577 232
601 232
633 232
634 232
638 232
355 233
356 233
378 233
412 233
440 233
480 233
481 233
482 233
483 233
484 233
485 233
486 233
487 233
488 233
489 233
490 233
491 233
492 233
493 233
494 233
495 233
496 233
497 233
498 233
499 233
500 233
501 233
502 233
503 233
504 233
505 233
506 233
507 233
508 233
509 233
510 233
511 233
512 233
513 233
514 233
515 233
516 233
517 233
518 233
539 233
540 233
562 233
577 233
600 233
601 233
633 233
634 233
638 233
356 234
378 234
412 234
440 234
480 234
518 234
519 234
520 234
540 234
562 234
577 234
600 234
601 234
630 234
631 234
632 234
638 234
356 235
357 235
378 235
412 235
440 235
480 235
520 235
540 235
541 235
562 235
577 235
600 235
601 235
602 235
603 235
604 235
605 235
606 235
607 235
608 235
609 235
610 235
611 235
612 235
613 235
614 235
615 235
616 235
617 235
618 235
619 235
620 235
621 235
622 235
623 235
624 235
625 235
626 235
627 235
628 235
629 235
630 235
638 235
357 236
378 236
412 236
440 236
480 236
519 236
541 236
542 236
562 236
577 236
599 236
607 236
612 236
613 236
614 236
615 236
616 236
617 236
627 236
628 236
629 236
630 236
637 236
357 237
378 237
412 237
440 237
480 237
519 237
520 237
542 237
543 237
562 237
577 237
598 237
607 237
610 237
611 237
615 237
617 237
626 237
627 237
628 237
629 237
630 237
637 237
356 238
357 238
378 238
412 238
440 238
480 238
520 238
543 238
544 238
562 238
577 238
596 238
597 238
607 238
608 238
609 238
614 238
615 238
616 238
617 238
618 238
619 238
626 238
628 238
630 238
631 238
632 238
636 238
357 239
378 239
412 239
440 239
480 239
520 239
521 239
522 239
544 239
561 239
577 239
578 239
579 239
595 239
613 239
616 239
617 239
619 239
625 239
626 239
628 239
630 239
632 239
633 239
635 239
357 240
378 240
379 240
412 240
440 240
480 240
522 240
544 240
546 240
561 240
562 240
577 240
579 240
580 240
593 240
594 240
612 240
613 240
619 240
620 240
621 240
622 240
625 240
626 240
628 240
629 240
630 240
631 240
633 240
634 240
357 241
358 241
379 241
380 241
412 241
440 241
480 241
522 241
544 241
545 241
546 241
547 241
562 241
577 241
580 241
581 241
582 241
592 241
611 241
621 241
622 241
624 241
626 241
629 241
631 241
632 241
358 242
359 242
380 242
381 242
412 242
440 242
480 242
522 242
547 242
562 242
575 242
576 242
582 242
583 242
584 242
585 242
586 242
587 242
588 242
592 242
610 242
621 242
624 242
625 242
626 242
629 242
632 242
359 243
360 243
381 243
382 243
412 243
440 243
480 243
522 243
547 243
561 243
574 243
588 243
589 243
590 243
592 243
607 243
609 243
620 243
621 243
624 243
626 243
629 243
632 243
360 244
361 244
382 244
383 244
384 244
412 244
440 244
480 244
522 244
546 244
561 244
573 244
590 244
591 244
606 244
607 244
608 244
609 244
619 244
620 244
621 244
622 244
624 244
625 244
626 244
629 244
630 244
631 244
632 244
361 245
384 245
385 245
412 245
440 245
480 245
522 245
546 245
560 245
572 245
590 245
605 245
621 245
622 245
623 245
624 245
625 245
626 245
632 245
361 246
362 246
365 246
385 246
386 246
412 246
440 246
480 246
522 246
546 246
547 246
559 246
568 246
569 246
571 246
589 246
590 246
605 246
622 246
623 246
624 246
625 246
626 246
627 246
628 246
632 246
362 247
363 247
364 247
365 247
386 247
387 247
412 247
440 247
480 247
522 247
547 247
548 247
549 247
559 247
560 247
561 247
562 247
563 247
565 247
566 247
567 247
569 247
570 247
571 247
590 247
591 247
604 247
624 247
625 247
626 247
628 247
629 247
630 247
631 247
363 248
364 248
365 248
387 248
388 248
412 248
440 248
480 248
522 248
549 248
550 248
559 248
563 248
564 248
591 248
603 248
626 248
629 248
630 248
631 248
364 249
366 249
388 249
389 249
412 249
440 249
480 249
522 249
550 249
559 249
591 249
592 249
603 249
625 249
628 249
629 249
364 250
365 250
366 250
389 250
390 250
391 250
412 250
440 250
480 250
522 250
550 250
551 250
558 250
592 250
593 250
600 250
602 250
603 250
625 250
626 250
627 250
629 250
364 251
391 251
392 251
412 251
440 251
480 251
522 251
551 251
557 251
592 251
593 251
594 251
597 251
599 251
600 251
601 251
626 251
627 251
629 251
364 252
365 252
392 252
393 252
412 252
440 252
480 252
522 252
551 252
554 252
555 252
556 252
557 252
590 252
591 252
594 252
595 252
596 252
597 252
598 252
625 252
627 252
628 252
365 253
366 253
393 253
394 253
412 253
413 253
414 253
415 253
416 253
417 253
418 253
419 253
420 253
421 253
422 253
423 253
424 253
425 253
426 253
427 253
428 253
429 253
430 253
431 253
432 253
433 253
434 253
435 253
436 253
437 253
438 253
439 253
440 253
441 253
442 253
443 253
444 253
445 253
446 253
447 253
448 253
449 253
450 253
451 253
452 253
453 253
454 253
455 253
456 253
457 253
458 253
459 253
460 253
461 253
462 253
463 253
464 253
465 253
466 253
467 253
468 253
469 253
470 253
471 253
472 253
473 253
474 253
475 253
476 253
477 253
478 253
479 253
480 253
481 253
482 253
483 253
484 253
485 253
486 253
487 253
488 253
489 253
490 253
491 253
492 253
493 253
494 253
495 253
496 253
497 253
498 253
499 253
500 253
501 253
502 253
503 253
504 253
505 253
506 253
507 253
508 253
509 253
510 253
511 253
512 253
513 253
514 253
515 253
516 253
517 253
518 253
519 253
520 253
521 253
522 253
551 253
552 253
553 253
555 253
556 253
557 253
589 253
625 253
627 253
628 253
366 254
367 254
368 254
394 254
395 254
412 254
440 254
474 254
522 254
552 254
553 254
588 254
624 254
625 254
626 254
627 254
368 255
395 255
396 255
412 255
440 255
474 255
522 255
552 255
586 255
587 255
627 255
368 256
396 256
397 256
412 256
440 256
474 256
522 256
551 256
552 256
560 256
561 256
562 256
563 256
564 256
565 256
566 256
567 256
568 256
569 256
570 256
571 256
572 256
573 256
574 256
575 256
576 256
577 256
578 256
579 256
580 256
581 256
582 256
583 256
584 256
585 256
586 256
587 256
588 256
589 256
590 256
591 256
592 256
593 256
594 256
595 256
596 256
597 256
598 256
599 256
600 256
601 256
602 256
603 256
604 256
605 256
606 256
607 256
608 256
609 256
610 256
611 256
612 256
613 256
614 256
615 256
616 256
617 256
618 256
619 256
620 256
621 256
622 256
623 256
624 256
625 256
626 256
627 256
628 256
367 257
397 257
398 257
399 257
412 257
440 257
474 257
475 257
476 257
477 257
478 257
479 257
480 257
481 257
482 257
483 257
484 257
485 257
486 257
487 257
488 257
489 257
490 257
491 257
522 257
523 257
524 257
525 257
526 257
527 257
528 257
529 257
530 257
531 257
532 257
533 257
534 257
535 257
536 257
537 257
538 257
539 257
540 257
541 257
542 257
543 257
544 257
545 257
546 257
547 257
550 257
551 257
552 257
553 257
554 257
555 257
556 257
557 257
558 257
559 257
595 257
628 257
367 258
368 258
399 258
400 258
412 258
440 258
474 258
491 258
522 258
547 258
550 258
551 258
594 258
595 258
627 258
628 258
368 259
369 259
400 259
401 259
409 259
410 259
412 259
440 259
474 259
491 259
522 259
547 259
549 259
550 259
592 259
593 259
626 259
627 259
628 259
629 259
369 260
370 260
401 260
402 260
408 260
410 260
411 260
440 260
474 260
491 260
522 260
546 260
547 260
548 260
549 260
550 260
589 260
590 260
591 260
625 260
626 260
627 260
628 260
629 260
370 261
371 261
402 261
403 261
408 261
440 261
474 261
491 261
522 261
550 261
588 261
628 261
371 262
403 262
404 262
408 262
440 262
474 262
491 262
522 262
549 262
586 262
587 262
628 262
629 262
371 263
372 263
404 263
405 263
408 263
440 263
474 263
491 263
522 263
523 263
549 263
583 263
584 263
585 263
628 263
629 263
372 264
373 264
405 264
406 264
408 264
409 264
440 264
474 264
491 264
523 264
548 264
582 264
625 264
626 264
627 264
373 265
374 265
406 265
407 265
409 265
440 265
474 265
491 265
523 265
547 265
581 265
582 265
592 265
593 265
594 265
624 265
374 266
407 266
408 266
409 266
440 266
474 266
491 266
523 266
547 266
580 266
588 266
589 266
590 266
591 266
594 266
595 266
596 266
597 266
598 266
599 266
624 266
625 266
627 266
374 267
408 267
440 267
474 267
491 267
523 267
547 267
548 267
549 267
550 267
551 267
552 267
553 267
554 267
555 267
556 267
557 267
558 267
559 267
560 267
561 267
562 267
563 267
564 267
565 267
566 267
567 267
568 267
569 267
570 267
571 267
572 267
573 267
574 267
575 267
576 267
577 267
578 267
579 267
580 267
581 267
582 267
583 267
584 267
585 267
586 267
587 267
599 267
600 267
623 267
624 267
625 267
626 267
627 267
374 268
375 268
408 268
409 268
440 268
474 268
491 268
523 268
546 268
559 268
573 268
586 268
600 268
601 268
602 268
603 268
604 268
605 268
606 268
607 268
625 268
375 269
409 269
410 269
440 269
474 269
491 269
523 269
545 269
558 269
573 269
585 269
586 269
587 269
607 269
608 269
621 269
622 269
623 269
624 269
625 269
374 270
375 270
376 270
377 270
378 270
410 270
440 270
474 270
491 270
492 270
493 270
523 270
545 270
558 270
573 270
587 270
588 270
608 270
609 270
619 270
620 270
378 271
379 271
380 271
381 271
382 271
410 271
411 271
440 271
474 271
493 271
494 271
495 271
496 271
523 271
544 271
545 271
558 271
573 271
588 271
589 271
609 271
610 271
618 271
382 272
383 272
411 272
440 272
474 272
496 272
497 272
498 272
501 272
522 272
543 272
558 272
573 272
574 272
589 272
610 272
611 272
617 272
378 273
380 273
383 273
384 273
385 273
386 273
387 273
410 273
440 273
474 273
498 273
499 273
500 273
501 273
502 273
503 273
505 273
522 273
542 273
558 273
574 273
589 273
590 273
611 273
612 273
617 273
377 274
378 274
379 274
380 274
387 274
409 274
440 274
474 274
503 274
504 274
505 274
506 274
507 274
509 274
514 274
515 274
516 274
517 274
518 274
519 274
520 274
522 274
542 274
558 274
574 274
590 274
591 274
612 274
613 274
614 274
615 274
616 274
387 275
388 275
389 275
409 275
440 275
474 275
507 275
508 275
509 275
510 275
511 275
512 275
513 275
520 275
521 275
522 275
542 275
558 275
574 275
591 275
592 275
612 275
389 276
390 276
391 276
409 276
440 276
474 276
521 276
522 276
523 276
524 276
525 276
542 276
558 276
574 276
592 276
593 276
611 276
391 277
392 277
409 277
440 277
474 277
525 277
541 277
542 277
558 277
574 277
593 277
610 277
392 278
393 278
408 278
440 278
474 278
525 278
542 278
557 278
574 278
575 278
593 278
594 278
609 278
393 279
408 279
440 279
474 279
525 279
542 279
557 279
575 279
594 279
595 279
609 279
387 280
393 280
394 280
408 280
409 280
440 280
474 280
525 280
526 280
527 280
528 280
529 280
530 280
531 280
532 280
533 280
534 280
535 280
536 280
537 280
538 280
539 280
540 280
541 280
542 280
557 280
575 280
595 280
596 280
608 280
386 281
387 281
394 281
409 281
440 281
474 281
525 281
542 281
557 281
575 281
596 281
607 281
394 282
403 282
404 282
405 282
406 282
407 282
408 282
409 282
440 282
474 282
525 282
541 282
557 282
575 282
576 282
596 282
606 282
394 283
395 283
396 283
397 283
398 283
399 283
400 283
401 283
402 283
408 283
440 283
474 283
525 283
541 283
557 283
576 283
596 283
597 283
604 283
605 283
407 284
408 284
409 284
410 284
440 284
474 284
525 284
541 284
542 284
543 284
557 284
576 284
597 284
598 284
603 284
410 285
411 285
412 285
413 285
440 285
474 285
525 285
542 285
543 285
557 285
576 285
598 285
601 285
602 285
413 286
414 286
415 286
416 286
440 286
474 286
525 286
541 286
557 286
576 286
598 286
599 286
600 286
416 287
417 287
418 287
440 287
455 287
456 287
457 287
458 287
459 287
460 287
461 287
462 287
463 287
464 287
465 287
466 287
467 287
468 287
469 287
470 287
471 287
472 287
473 287
474 287
525 287
526 287
541 287
557 287
576 287
599 287
418 288
419 288
420 288
421 288
440 288
446 288
447 288
448 288
449 288
450 288
451 288
452 288
453 288
454 288
455 288
526 288
541 288
556 288
575 288
599 288
421 289
422 289
423 289
424 289
440 289
445 289
455 289
456 289
526 289
540 289
556 289
575 289
576 289
598 289
424 290
425 290
426 290
427 290
440 290
445 290
456 290
526 290
527 290
539 290
556 290
557 290
576 290
598 290
427 291
428 291
429 291
430 291
431 291
432 291
433 291
434 291
435 291
436 291
437 291
438 291
439 291
440 291
441 291
442 291
443 291
444 291
445 291
456 291
457 291
458 291
527 291
539 291
557 291
576 291
597 291
458 292
459 292
527 292
528 292
539 292
557 292
576 292
597 292
459 293
460 293
528 293
539 293
540 293
541 293
542 293
543 293
544 293
545 293
546 293
547 293
548 293
549 293
557 293
562 293
563 293
565 293
566 293
574 293
575 293
576 293
597 293
460 294
461 294
528 294
549 294
557 294
561 294
563 294
564 294
566 294
567 294
568 294
569 294
570 294
571 294
572 294
573 294
576 294
596 294
461 295
462 295
463 295
528 295
549 295
557 295
561 295
562 295
576 295
577 295
578 295
594 295
595 295
596 295
463 296
464 296
527 296
549 296
557 296
560 296
562 296
578 296
579 296
580 296
581 296
582 296
583 296
584 296
585 296
586 296
587 296
588 296
589 296
590 296
591 296
592 296
593 296
596 296
464 297
527 297
549 297
550 297
557 297
559 297
560 297
562 297
592 297
593 297
596 297
464 298
527 298
550 298
552 298
553 298
554 298
555 298
556 298
557 298
558 298
559 298
560 298
562 298
563 298
564 298
565 298
566 298
567 298
568 298
569 298
570 298
571 298
592 298
593 298
596 298
597 298
464 299
465 299
527 299
550 299
551 299
558 299
559 299
560 299
561 299
571 299
572 299
582 299
597 299
465 300
527 300
550 300
551 300
572 300
573 300
574 300
581 300
582 300
583 300
597 300
465 301
479 301
526 301
549 301
550 301
551 301
574 301
579 301
580 301
583 301
584 301
597 301
465 302
466 302
477 302
478 302
479 302
480 302
481 302
482 302
483 302
484 302
520 302
521 302
526 302
527 302
528 302
529 302
530 302
531 302
532 302
537 302
538 302
539 302
551 302
574 302
575 302
577 302
578 302
584 302
585 302
597 302
598 302
466 303
467 303
476 303
484 303
485 303
519 303
520 303
521 303
522 303
523 303
524 303
525 303
532 303
533 303
534 303
535 303
536 303
538 303
539 303
540 303
551 303
575 303
576 303
585 303
598 303
467 304
468 304
475 304
485 304
486 304
520 304
537 304
538 304
540 304
541 304
549 304
550 304
551 304
585 304
586 304
598 304
468 305
469 305
470 305
475 305
486 305
487 305
520 305
541 305
545 305
548 305
549 305
550 305
551 305
552 305
553 305
586 305
587 305
598 305
599 305
470 306
471 306
472 306
475 306
487 306
520 306
541 306
542 306
543 306
544 306
545 306
546 306
547 306
548 306
551 306
553 306
587 306
588 306
589 306
599 306
472 307
473 307
474 307
487 307
488 307
519 307
551 307
552 307
553 307
589 307
599 307
600 307
488 308
517 308
518 308
589 308
600 308
488 309
489 309
511 309
513 309
514 309
515 309
516 309
589 309
600 309
601 309
489 310
510 310
511 310
512 310
589 310
601 310
489 311
490 311
510 311
511 311
512 311
589 311
601 311
490 312
509 312
510 312
589 312
601 312
490 313
491 313
510 313
588 313
589 313
601 313
491 314
492 314
507 314
508 314
509 314
589 314
591 314
601 314
602 314
492 315
493 315
506 315
588 315
589 315
590 315
591 315
602 315
493 316
494 316
506 316
590 316
602 316
603 316
494 317
506 317
590 317
603 317
494 318
506 318
589 318
590 318
603 318
494 319
505 319
506 319
590 319
603 319
604 319
494 320
495 320
506 320
590 320
591 320
604 320
495 321
505 321
591 321
593 321
604 321
495 322
496 322
505 322
506 322
591 322
592 322
593 322
604 322
496 323
506 323
592 323
604 323
496 324
497 324
506 324
592 324
593 324
594 324
604 324
497 325
498 325
499 325
500 325
506 325
594 325
604 325
500 326
501 326
502 326
506 326
507 326
594 326
604 326
502 327
503 327
504 327
505 327
507 327
594 327
595 327
604 327
505 328
506 328
595 328
596 328
597 328
604 328
597 329
604 329
597 330
598 330
603 330
598 331
602 331
598 332
600 332
602 332
598 333
599 333
600 333
601 333
602 333
601 334
602 334
597 335
595 336
596 336
597 336
594 337
595 337